0 0.170153
0.1 0.126821
0.2 0.0794303
0.3 0.0298695
0.4 0.0698855
0.5 0.117851
0.6 0.162115
0.7 0.200912
0.8 0.232697
0.9 0.256201
1 0.270488
1.1 0.274988
1.2 0.269522
1.3 0.254308
1.4 0.229951
1.5 0.197424
1.6 0.158023
1.7 0.113319
1.8 0.0650941
1.9 0.0347296
2 0.0841653
2.1 0.131242
2.2 0.174084
2.3 0.210982
2.4 0.240465
2.5 0.261359
2.6 0.272829
2.7 0.27442
2.8 0.266067
2.9 0.248103
3 0.221245
3.1 0.186563
3.2 0.145441
3.3 0.0995162
3.4 0.0506211
3.5 0.0492955
3.6 0.0982434
3.7 0.144271
3.8 0.185544
3.9 0.220417
4 0.247499
4.1 0.265711
4.2 0.274326
4.3 0.273001
4.4 0.26179
4.5 0.241138
4.6 0.211869
4.7 0.175151
4.8 0.132447
4.9 0.0854589
5 0.0360607
5.1 0.0637785
5.2 0.112072
5.3 0.156894
5.4 0.196457
5.5 0.229186
5.6 0.253774
5.7 0.269241
5.8 0.274972
5.9 0.270737
6 0.256705
6.1 0.233435
6.2 0.201857
