1.501501501501500968e-01
3.703703703703702388e-01
3.703703703703702388e-01
3.703703703703702388e-01
3.703703703703702388e-01
5.705705705705703679e-01
4.504504504504502904e-01
5.105105105105103291e-01
4.904904904904903162e-01
4.904904904904903162e-01
3.103103103103102001e-01
3.103103103103102001e-01
1.001001001001000645e-02
1.001001001001000645e-02
1.001001001001000645e-02
2.902902902902901872e-01
4.104104104104102646e-01
4.104104104104102646e-01
2.302302302302301484e-01
2.502502502502501613e-01
2.102102102102101355e-01
3.903903903903902517e-01
4.104104104104102646e-01
4.104104104104102646e-01
4.104104104104102646e-01
4.904904904904903162e-01
5.905905905905903808e-01
4.904904904904903162e-01
4.504504504504502904e-01
