1.000000000000000000e+00
1.000000000000000000e+00
1.000000000000000000e+00
1.000000000000000000e+00
1.000000000000000000e+00
1.000000000000000000e+00
1.000000000000000000e+00
1.000000000000000000e+00
1.000000000000000000e+00
1.000000000000000000e+00
1.000000000000000000e+00
1.000000000000000000e+01
5.000000000000000000e+00
7.000000000000000000e+00
1.000000000000000000e+00
1.000000000000000000e+00
1.000000000000000000e+00
6.000000000000000000e+00
6.000000000000000000e+00
1.000000000000000000e+00
1.000000000000000000e+01
1.000000000000000000e+00
1.000000000000000000e+00
1.000000000000000000e+01
1.000000000000000000e+01
1.000000000000000000e+01
1.800000000000000000e+01
2.400000000000000000e+01
1.000000000000000000e+00
1.000000000000000000e+00
1.000000000000000000e+00
