-6.283185307179586 1.188444572489469
-6.270606357615663 1.191905395782069
-6.25802740805174 1.2022531187957612
-6.245448458487817 1.2193838066398022
-6.232869508923894 1.2431252601578544
-6.220290559359971 1.2732385478199917
-6.207711609796048 1.3094201373127083
-6.195132660232124 1.3513046138657163
-6.182553710668201 1.3984679687607744
-6.169974761104278 1.4504314379034766
-6.157395811540355 1.506665866761441
-6.144816861976432 1.5665965743218355
-6.132237912412509 1.6296086849257223
-6.119658962848586 1.6950528928232285
-6.107080013284663 1.7622516199953
-6.09450106372074 1.83050552316034
-6.081922114156817 1.8991003009124243
-6.069343164592894 1.9673137466514663
-6.056764215028971 2.0344229874422393
-6.044185265465048 2.099711843310761
-6.031606315901124 2.1624782359394774
-6.019027366337201 2.2220415704900467
-6.006448416773278 2.2777500096378387
-5.993869467209355 2.3289875551407104
-5.981290517645432 2.3751808496890496
-5.968711568081509 2.4158056106820873
-5.956132618517586 2.4503926081986798
-5.943553668953663 2.47853310197657
-5.93097471938974 2.4998836568041236
-5.918395769825817 2.514170262399351
-5.905816820261894 2.5211916925415756
-5.893237870697971 2.52082204877386
-5.880658921134048 2.5130124461571888
-5.868079971570124 2.497791811996037
-5.855501022006201 2.475266782768476
-5.842922072442278 2.4456206992367786
-5.830343122878355 2.409111714420194
-5.817764173314432 2.3660700433193353
-5.805185223750509 2.316894396561149
-5.792606274186586 2.262047652107776
-5.7800273246226626 2.2020518295380827
-5.7674483750587395 2.137482439948663
-5.7548694254948165 2.068962291108622
-5.7422904759308935 1.9971548321092971
-5.72971152636697 1.9227571244371997
-5.717132576803047 1.8464925273047696
-5.7045536272391235 1.7691031843997211
-5.6919746776752005 1.6913423972075123
-5.6793957281112775 1.6139669669895451
-5.666816778547354 1.5377295836385574
-5.654237828983431 1.4633713352372673
-5.641658879419508 1.3916144074465409
-5.629079929855585 1.323155037030316
-5.616500980291662 1.2586567790227805
-5.603922030727739 1.1987441423466858
-5.591343081163816 1.1439966441372174
-5.578764131599893 1.09494332861203
-5.566185182035969 1.0520577920189031
-5.553606232472047 1.0157537509333565
-5.541027282908123 0.9863811869052546
-5.5284483333442 0.9642230961045727
-5.515869383780277 0.9494928681429663
-5.503290434216354 0.9423323136198098
-5.490711484652431 0.9428103551515971
-5.478132535088508 0.9509223917085168
-5.465553585524585 0.9665903410385958
-5.452974635960662 0.9896633598601472
-5.440395686396739 1.0199192364074785
-5.427816736832816 1.057066444882262
-5.415237787268893 1.1007468464444927
-5.402658837704969 1.150539016606944
-5.390079888141047 1.2059621742891637
-5.377500938577123 1.2664806833314364
-5.3649219890132 1.3315090929322864
-5.352343039449277 1.4004176792056988
-5.339764089885354 1.472538445791601
-5.327185140321431 1.5471715371342227
-5.314606190757508 1.6235920136125772
-5.302027241193585 1.7010569331345564
-5.289448291629662 1.7788126790933794
-5.276869342065739 1.8561024697753699
-5.264290392501816 1.9321739794955795
-5.251711442937893 2.0062869970644726
-5.239132493373969 2.0777210428478488
-5.226553543810047 2.1457828619040664
-5.213974594246123 2.209813707729939
-5.2013956446822 2.2691963292915904
-5.188816695118277 2.3233615735282527
-5.176237745554354 2.3717945166355476
-5.163658795990431 2.414040040355889
-5.151079846426508 2.44970777435664
-5.138500896862585 2.4784763326113435
-5.125921947298662 2.5000967804745984
-5.113342997734739 2.5143952797215467
-5.100764048170816 2.521274870978635
-5.088185098606893 2.520716366389843
-5.075606149042969 2.51277833965692
-5.063027199479047 2.4975962153281337
-5.050448249915123 2.47538047392446
-5.0378693003512 2.4464140037200552
-5.025290350787277 2.411048643293624
-5.012711401223354 2.3697009709458627
-5.0001324516594305 2.322847407409801
-4.9875535020955075 2.271018706725866
-4.9749745525315845 2.2147939165652613
-4.9623956029676615 2.154793893616014
-4.949816653403738 2.0916744619431307
-4.937237703839815 2.0261193026297044
-4.924658754275892 1.9588326617050869
-4.9120798047119685 1.8905319606258906
-4.899500855148046 1.8219403896874606
-4.886921905584122 1.7537795600089203
-4.874342956020199 1.686762284449234
-4.861764006456276 1.621585552242124
-4.849185056892353 1.5589237565136398
-4.83660610732843 1.4994222283461993
-4.824027157764507 1.4436911258024836
-4.811448208200584 1.3922997213937838
-4.798869258636661 1.3457711268922206
-4.786290309072738 1.3045774901268468
-4.773711359508814 1.2691356944212027
-4.761132409944892 1.2398035875566222
-4.748553460380968 1.2168767635079614
-4.735974510817046 1.2005859166254917
-4.723395561253122 1.1910947843706055
-4.710816611689199 1.1884986911137523
-4.698237662125276 1.1928237018504597
-4.685658712561353 1.2040263909859832
-4.67307976299743 1.2219942275964077
-4.660500813433507 1.2465465748205455
-4.647921863869584 1.2774362973014513
-4.635342914305661 1.314351966903255
-4.622763964741738 1.3569206532905287
-4.610185015177814 1.404711282369157
-4.597606065613892 1.4572385420242677
-4.585027116049968 1.5139673110080365
-4.572448166486046 1.5743175831650311
-4.559869216922122 1.6376698553647255
-4.547290267358199 1.7033709434643256
-4.534711317794276 1.7707401862881833
-4.522132368230353 1.8390759929391398
-4.50955341866643 1.907662683743895
-4.496974469102507 1.9757775698132047
-4.484395519538584 2.0426982106525275
-4.471816569974661 2.107709783629602
-4.459237620410738 2.1701124935837615
-4.446658670846814 2.229228945687149
-4.434079721282892 2.2844114001172446
-4.421500771718968 2.3350488234703426
-4.408921822155045 2.380573649439042
-4.396342872591122 2.420468160377594
-4.383763923027199 2.4542704022332673
-4.371184973463276 2.4815795481178538
-4.358606023899353 2.5020606306438657
-4.34602707433543 2.515448570078278
-4.333448124771507 2.521551434300793
-4.320869175207584 2.5202528773231476
-4.308290225643661 2.511513715468159
-4.295711276079738 2.4953726138783083
-4.283132326515814 2.471945870415885
-4.2705533769518915 2.441426298780479
-4.257974427387968 2.404081227337843
-4.2453954778240455 2.360249644268788
-4.232816528260122 2.3103385327820076
-4.2202375786961985 2.2548184519234127
-4.2076586291322755 2.194218428661121
-4.1950796795683525 2.1291202352248035
-4.1825007300044295 2.0601521320172402
-4.169921780440506 1.9879821607780506
-4.157342830876583 1.913311075135009
-4.1447638813126595 1.8368649963748518
-4.132184931748737 1.759387881411393
-4.119605982184813 1.681633887773567
-4.107027032620891 1.6043597172517434
-4.094448083056967 1.5283170158978323
-4.081869133493045 1.4542449036306917
-4.069290183929121 1.3828627019736297
-4.056711234365198 1.3148629236280216
-4.044132284801275 1.2509045827943273
-4.031553335237352 1.191606880472081
-4.018974385673429 1.1375433144343277
-4.006395436109506 1.0892362591736766
-3.993816486545583 1.0471520568175854
-3.9812375369816597 1.011696655753213
-3.9686585874177367 0.9832118294224953
-3.9560796378538137 0.9619720033860533
-3.9435006882898906 0.9481817142629653
-3.9309217387259676 0.9419737195050238
-3.9183427891620446 0.9434077721548639
-3.905763839598121 0.9524700697863391
-3.893184890034198 0.9690733817719517
-3.880605940470275 0.9930578539196457
-3.868026990906352 1.0241924844302104
-3.855448041342429 1.062177260105792
-3.842869091778506 1.1066459368385257
-3.830290142214583 1.1571694436583746
-3.8177111926506595 1.2132598850314067
-3.8051322430867365 1.2743751116610826
-3.7925532935228135 1.3399238257204302
-3.7799743439588904 1.4092711821791128
-3.7673953943949674 1.4817448436237608
-3.7548164448310444 1.5566414416391607
-3.742237495267121 1.633233393371121
-3.729658545703198 1.7107760173006654
-3.717079596139275 1.7885148875308432
-3.704500646575352 1.8656933610713944
-3.691921697011429 1.941560207802383
-3.679342747447506 2.0153772681549813
-3.6667637978835828 2.086427059263179
-3.6541848483196593 2.1540202466509353
-3.6416058987557363 2.217502895688359
-3.6290269491918132 2.2762634153523735
-3.61644799962789 2.329739106527052
-3.603869050063967 2.3774222284135247
-3.591290100500044 2.4188654997761416
-3.5787111509361207 2.453686956851499
-3.5661322013721977 2.481574096828187
-3.5535532518082746 2.5022872448156215
-3.5409743022443516 2.515662093011795
-3.5283953526804286 2.521611373112147
-3.5158164031165056 2.5201256365510867
-3.503237453552582 2.511273131541888
-3.490658503988659 2.495198780639588
-3.478079554424736 2.4721222772302776
-3.465500604860813 2.4423353334854516
-3.45292165529689 2.406198125475092
-3.440342705732967 2.364134992921872
-3.427763756169044 2.3166294611861145
-3.4151848066051205 2.2642186612679045
-3.4026058570411974 2.207487229764969
-3.3900269074772744 2.147060774797183
-3.3774479579133514 2.083598995958862
-3.3648690083494284 2.0177885465311483
-3.3522900587855053 1.950335724690887
-3.339711109221582 1.8819590775525314
-3.327132159657659 1.8133819978688015
-3.314553210093736 1.7453253883969702
-3.301974260529813 1.6785004636023189
-3.2893953109658898 1.6136017527824922
-3.2768163614019667 1.551300363079113
-3.2642374118380433 1.4922375553685108
-3.2516584622741203 1.4370186808104999
-3.2390795127101972 1.386207520947684
-3.226500563146274 1.340321069705383
-3.213921613582351 1.299824791420439
-3.201342664018428 1.2651283850748307
-3.188763714454505 1.2365820811578787
-3.1761847648905817 1.2144734939548203
-3.1636058153266586 1.19902504849042
-3.1510268657627356 1.1903919977877608
-3.1384479161988126 1.1886610424971382
-3.1258689666348896 1.193849561290499
-3.1132900170709665 1.2059054567056355
-3.100711067507043 1.2247076173788152
-3.08813211794312 1.2500669938516658
-3.075553168379197 1.2817282814068067
-3.062974218815274 1.3193721997000047
-3.050395269251351 1.3626183553251616
-3.037816319687428 1.4110286698649759
-3.025237370123505 1.464111352417285
-3.0126584205595814 1.5213253919975211
-3.0000794709956584 1.5820855415377837
-2.9875005214317354 1.645767761360107
-2.9749215718678124 1.7117150859221084
-2.9623426223038893 1.7792438732561378
-2.9497636727399663 1.8476503918091234
-2.937184723176043 1.916217694335724
-2.92460577361212 1.9842227231422216
-2.912026824048197 2.0509435854144273
-2.8994478744842738 2.1156669317354417
-2.8868689249203507 2.1776953654068416
-2.8742899753564277 2.236354805074667
-2.8617110257925047 2.291001718709157
-2.8491320762285812 2.341030143494151
-2.836553126664658 2.385878403948882
-2.823974177100735 2.4250354399123704
-2.811395227536812 2.4580466571087976
-2.798816277972889 2.4845192160605865
-2.786237328408966 2.5041266802266486
-2.7736583788450426 2.516612951428285
-2.7610794292811196 2.521795429800079
-2.7485004797171966 2.5195673464853967
-2.7359215301532736 2.509899229812221
-2.7233425805893505 2.4928394793821336
-2.7107636310254275 2.4685140369691236
-2.698184681461504 2.437125157902366
-2.685605731897581 2.3989493012308034
-2.673026782333658 2.354334170981658
-2.660447832769735 2.303694953811044
-2.647868883205812 2.247509809942278
-2.635289933641889 2.186314684212892
-2.622710984077966 2.120697512109762
-2.6101320345140424 2.051291901763033
-2.5975530849501194 1.9787703769876381
-2.5849741353861964 1.9038372686873093
-2.5723951858222733 1.8272213424262291
-2.5598162362583503 1.7496682489424098
-2.5472372866944273 1.671932882078138
-2.534658337130504 1.594771725308767
-2.522079387566581 1.5189352640326559
-2.5095004380026578 1.4451605362940145
-2.4969214884387347 1.37416388986523
-2.4843425388748117 1.3066340087893726
-2.4717635893108887 1.2432252677023135
-2.459184639746965 1.1845514675906836
-2.446605690183042 1.1311800021245124
-2.434026740619119 1.083626499319807
-2.421447791055196 1.042349978995602
-2.408868841491273 1.0077485622333344
-2.39628989192735 0.9801557647595899
-2.383710942363427 0.9598374017972465
-2.3711319927995036 0.9469891274198696
-2.3585530432355806 0.9417346267754567
-2.3459740936716575 0.9441244747171541
-2.3333951441077345 0.9541356694122626
-2.3208161945438115 0.971671844437979
-2.3082372449798885 0.9965641577679202
-2.295658295415965 1.0285728509681153
-2.283079345852042 1.0673894669128972
-2.270500396288119 1.1126397094472578
-2.257921446724196 1.1638869236924207
-2.245342497160273 1.220636171123398
-2.23276354759635 1.2823388691252515
-2.220184598032427 1.3483979604208143
-2.207605648468504 1.4181735735021448
-2.195026698904581 1.4909891309274763
-2.1824477493406578 1.5661378580026664
-2.169868799776734 1.6428896399020754
-2.157289850212811 1.7204981706745588
-2.144710900648888 1.7982083328369847
-2.132131951084965 1.8752637414368216
-2.1195530015210418 1.950914381672097
-2.1069740519571187 2.024424264547235
-2.0943951023931957 2.095079020819675
-2.0818161528292727 2.1621933498952974
-2.0692372032653497 2.225118237626571
-2.0566582537014266 2.283247855429485
-2.0440793041375036 2.3360260530276804
-2.0315003545735806 2.3829523586852974
-2.0189214050096576 2.4235874041849144
-2.0063424554457336 2.457557697154102
-1.9937635058818106 2.484559670671394
-1.9811845563178876 2.5043629493256625
-1.9686056067539646 2.5168127819018493
-1.9560266571900415 2.521831603369868
-1.9434477076261185 2.5194197025285137
-1.9308687580621955 2.509654986103331
-1.9182898084982725 2.492691844871895
-1.9057108589343494 2.468759142025891
-1.8931319093704264 2.4381573580150873
-1.8805529598065034 2.4012549391224374
-1.8679740102425804 2.358483908613613
-1.8553950606786564 2.31033480918339
-1.8428161111147334 2.257351053367764
-1.8302371615508104 2.20012276448286
-1.8176582119868874 2.1392801944662736
-1.8050792624229643 2.0754868068022945
-1.7925003128590413 2.0094321126625903
-1.7799213632951183 1.941824346707229
-1.7673424137311953 1.8733830659357062
-1.7547634641672722 1.8048317508495066
-1.7421845146033492 1.73689048328851
-1.7296055650394262 1.6702687699232388
-1.7170266154755032 1.6056585747819365
-1.7044476659115801 1.5437276185838977
-1.6918687163476562 1.4851129972030417
-1.6792897667837332 1.4304151664112505
-1.6667108172198102 1.3801923352075003
-1.6541318676558872 1.3349553055383647
-1.6415529180919641 1.2951627920307742
-1.628973968528041 1.261217251434413
-1.616395018964118 1.2334612477389462
-1.603816069400195 1.212174375315913
-1.591237119836272 1.1975707588687745
-1.578658170272349 1.189797145403233
-1.566079220708426 1.1889315998183374
-1.553500271144503 1.1949828120525638
-1.54092132158058 1.2078900200022364
-1.528342372016656 1.2275235486816871
-1.515763422452733 1.2536859623427883
-1.50318447288881 1.2861138225447557
-1.490605523324887 1.3244800414849378
-1.478026573760964 1.3683968162767812
-1.4654476241970409 1.417419126282047
-1.4528686746331179 1.4710487720412748
-1.4402897250691948 1.5287389307492785
-1.4277107755052718 1.5898991995263039
-1.4151318259413488 1.6539010938668153
-1.4025528763774258 1.7200839645343067
-1.3899739268135027 1.7877612917529802
-1.3773949772495797 1.8562273107897997
-1.3648160276856558 1.9247639179253242
-1.3522370781217328 1.9926478004241253
-1.3396581285578097 2.059157728534554
-1.3270791789938867 2.12358194192516
-1.3145002294299637 2.1852255575059942
-1.3019212798660407 2.2434179205376665
-1.2893423303021176 2.297519816581582
-1.2767633807381946 2.346930458493352
-1.2641844311742716 2.3910941606058143
-1.2516054816103486 2.429506611766146
-1.2390265320464255 2.4617206602164914
-1.2264475824825025 2.487351526609608
-1.2138686329185795 2.506081366822593
-1.2012896833546556 2.5176631136719365
-1.1887107337907326 2.521923536045994
-1.1761317842268095 2.5187654651616698
-1.1635528346628865 2.5081691503365344
-1.1509738850989635 2.4901927204843277
-1.1383949355350405 2.4649717420700297
-1.1258159859711174 2.432717879044648
-1.1132370364071944 2.3937166748516594
-1.1006580868432714 2.3483244905047904
-1.0880791372793484 2.29696464556751
-1.0755001877154253 2.240122820266845
-1.0629212381515023 2.178341786674917
-1.0503422885875793 2.112215544707572
-1.0377633390236554 2.04238294453263
-1.0251843894597323 1.9695208808557298
-1.0126054398958093 1.8943371465509282
-1.0000264903318863 1.817563033390674
-0.9874475407679633 1.7399457664256808
-0.9748685912040402 1.6622408561270987
-0.9622896416401172 1.5852044490041317
-0.9497106920761942 1.5095857533195145
-0.9371317425122712 1.4361196119913944
-0.9245527929483481 1.3655192900062045
-0.9119738433844251 1.298469538841263
-0.8993948938205021 1.235619995626107
-0.8868159442565782 1.1775789701260637
-0.8742369946926551 1.1249076681322614
-0.8616580451287321 1.0781148954729587
-0.8490790955648091 1.037652282578143
-0.8365001460008861 1.0039100652723039
-0.823921196436963 0.9772134531754251
-0.81134224687304 0.9578196127014852
-0.798763297309117 0.9459152871146572
-0.786184347745194 0.9416150714142414
-0.7736053981812709 0.9449603549720366
-0.7610264486173479 0.9559189398648354
-0.7484474990534249 0.9743853377735197
-0.7358685494895019 1.0001817432148192
-0.723289599925578 1.0330596757930848
-0.7107106503616549 1.0727022791643954
-0.6981317007977319 1.1187272595395625
-0.6855527512338089 1.1706904418429973
-0.6729738016698859 1.2280899170960924
-0.6603948521059628 1.290370750187636
-0.6478159025420398 1.356930212889784
-0.6352369529781168 1.4271235027199671
-0.6226580034141938 1.5002699039727345
-0.6100790538502707 1.575659342889972
-0.5975001042863477 1.6525592844563757
-0.5849211547224247 1.7302219136795332
-0.5723422051585016 1.807891539457027
-0.5597632555945777 1.8848121543087344
-0.5471843060306547 1.9602350784725737
-0.5346053564667317 2.033426612288627
-0.5220264069028087 2.103675616637244
-0.5094474573388856 2.1703009376968505
-0.4968685077749626 2.232658589713633
-0.4842895582110396 2.290148608102511
-0.47171060864711656 2.3422214852867156
-0.45913165908319353 2.3883841034582263
-0.4465527095192705 2.4282050820755874
-0.4339737599553475 2.461319463510695
-0.42139481039142446 2.4874326678283434
-0.40881586082750143 2.506323657155604
-0.3962369112635775 2.517847261300889
-0.3836579616996545 2.521935628952372
-0.37107901213573147 2.5185987825800997
-0.35850006257180844 2.507924269679082
-0.3459211130078854 2.4900759177735257
-0.3333421634439624 2.46529171518809
-0.32076321388003937 2.433880853521589
-0.30818426431611634 2.396219980605741
-0.2956053147521933 2.3527487241263256
-0.2830263651882703 2.303964555731583
-0.27044741562434726 2.2504170731470166
-0.25786846606042424 2.1927017834475975
-0.24528951649650033 2.1314534741960944
-0.2327105669325773 2.0673392607204457
-0.22013161736865428 2.0010513975351683
-0.20755266780473125 1.9332999400388642
-0.19497371824080822 1.8648053394138582
-0.1823947686768852 1.7962910494131257
-0.16981581911296217 1.7284762187450031
-0.15723686954903915 1.6620685373444493
-0.14465791998511612 1.5977572992053877
-0.1320789704211931 1.5362067388528982
-0.11950002085727007 1.4780496931159386
-0.10692107129334705 1.4238816347258245
-0.09434212172942402 1.3742551194654782
-0.08176317216550011 1.3296746841355311
-0.06918422260157708 1.290592228454781
-0.05660527303765406 1.2574029101169295
-0.04402632347373103 1.2304415785120049
-0.03144737390980801 1.2099797690150578
-0.018868424345884982 1.1962232761804092
-0.006289474781961957 1.1893103206048086
0.006289474781961069 1.1893103206048083
0.018868424345884094 1.1962232761804086
0.03144737390980712 1.2099797690150567
0.044026323473730145 1.230441578512003
0.05660527303765317 1.2574029101169273
0.0691842226015762 1.2905922284547786
0.08176317216550011 1.329674684135531
0.09434212172942313 1.3742551194654749
0.10692107129334616 1.423881634725821
0.11950002085726918 1.4780496931159341
0.1320789704211922 1.5362067388528942
0.14465791998511524 1.597757299205383
0.15723686954903826 1.6620685373444448
0.16981581911296129 1.7284762187449987
0.1823947686768843 1.7962910494131212
0.19497371824080734 1.8648053394138535
0.20755266780473036 1.9332999400388593
0.2201316173686534 2.0010513975351643
0.2327105669325764 2.067339260720441
0.24528951649650033 2.1314534741960944
0.25786846606042335 2.192701783447594
0.2704474156243464 2.2504170731470126
0.2830263651882694 2.3039645557315795
0.2956053147521924 2.3527487241263225
0.30818426431611545 2.396219980605738
0.3207632138800385 2.4338808535215866
0.3333421634439615 2.465291715188089
0.34592111300788453 2.4900759177735243
0.35850006257180755 2.507924269679081
0.3710790121357306 2.5185987825800993
0.3836579616996536 2.5219356289523716
0.39623691126357663 2.5178472613008895
0.40881586082750054 2.506323657155605
0.42139481039142357 2.4874326678283447
0.4339737599553466 2.461319463510698
0.4465527095192696 2.42820508207559
0.45913165908319264 2.3883841034582294
0.47171060864711567 2.342221485286719
0.4842895582110387 2.2901486081025144
0.4968685077749617 2.232658589713637
0.5094474573388847 2.170300937696855
0.5220264069028078 2.1036756166372483
0.5346053564667308 2.0334266122886313
0.5471843060306538 1.960235078472579
0.5597632555945768 1.8848121543087395
0.5723422051585008 1.8078915394570325
0.5849211547224238 1.7302219136795398
0.5975001042863468 1.6525592844563806
0.6100790538502698 1.5756593428899768
0.6226580034141929 1.5002699039727398
0.6352369529781159 1.4271235027199722
0.6478159025420389 1.356930212889789
0.6603948521059619 1.2903707501876405
0.672973801669885 1.2280899170960964
0.685552751233808 1.1706904418430004
0.698131700797731 1.1187272595395659
0.710710650361654 1.0727022791643988
0.723289599925578 1.0330596757930846
0.735868549489501 1.0001817432148212
0.748447499053424 0.974385337773521
0.761026448617347 0.9559189398648362
0.77360539818127 0.944960354972037
0.7861843477451931 0.9416150714142414
0.7987632973091161 0.9459152871146564
0.8113422468730391 0.9578196127014844
0.8239211964369622 0.977213453175424
0.8365001460008852 1.003910065272302
0.8490790955648082 1.03765228257814
0.8616580451287312 1.0781148954729556
0.8742369946926543 1.1249076681322576
0.8868159442565782 1.1775789701260635
0.8993948938205012 1.2356199956261025
0.9119738433844242 1.2984695388412586
0.9245527929483472 1.3655192900061996
0.9371317425122703 1.4361196119913895
0.9497106920761933 1.5095857533195092
0.9622896416401163 1.5852044490041266
0.9748685912040393 1.6622408561270938
0.9874475407679624 1.7399457664256754
1.0000264903318854 1.8175630333906683
1.0126054398958084 1.894337146550923
1.0251843894597314 1.969520880855725
1.0377633390236545 2.042382944532625
1.0503422885875784 2.1122155447075674
1.0629212381515014 2.1783417866749124
1.0755001877154244 2.240122820266841
1.0880791372793475 2.296964645567506
1.1006580868432705 2.348324490504787
1.1132370364071935 2.393716674851656
1.1258159859711165 2.4327178790446453
1.1383949355350396 2.4649717420700274
1.1509738850989626 2.490192720484326
1.1635528346628856 2.508169150336534
1.1761317842268086 2.518765465161668
1.1887107337907317 2.521923536045995
1.2012896833546547 2.5176631136719365
1.2138686329185786 2.506081366822594
1.2264475824825016 2.4873515266096087
1.2390265320464247 2.4617206602164914
1.2516054816103477 2.42950661176615
1.2641844311742707 2.3910941606058165
1.2767633807381937 2.346930458493357
1.2893423303021168 2.2975198165815853
1.3019212798660398 2.243417920537671
1.3145002294299628 2.1852255575059996
1.3270791789938858 2.123581941925162
1.3396581285578089 2.0591577285345593
1.3522370781217319 1.9926478004241293
1.3648160276856558 1.9247639179253253
1.3773949772495788 1.8562273107898053
1.3899739268135018 1.7877612917529855
1.4025528763774249 1.7200839645343122
1.415131825941348 1.6539010938668175
1.427710775505271 1.5898991995263105
1.440289725069194 1.5287389307492816
1.452868674633117 1.471048772041278
1.46544762419704 1.4174191262820497
1.478026573760963 1.3683968162767848
1.490605523324886 1.3244800414849411
1.503184472888809 1.2861138225447568
1.515763422452732 1.2536859623427912
1.528342372016656 1.2275235486816867
1.540921321580579 1.2078900200022376
1.553500271144502 1.1949828120525647
1.566079220708425 1.188931599818338
1.5786581702723481 1.1897971454032328
1.5912371198362711 1.1975707588687738
1.6038160694001942 1.2121743753159113
1.6163950189641172 1.2334612477389446
1.6289739685280402 1.2612172514344113
1.6415529180919632 1.2951627920307711
1.6541318676558863 1.3349553055383612
1.6667108172198093 1.3801923352074967
1.6792897667837323 1.4304151664112483
1.6918687163476562 1.4851129972030408
1.7044476659115793 1.543727618583894
1.7170266154755023 1.605658574781932
1.7296055650394244 1.6702687699232295
1.7421845146033483 1.7368904832885073
1.7547634641672705 1.8048317508494962
1.7673424137311944 1.8733830659357025
1.7799213632951183 1.9418243467072278
1.7925003128590404 2.0094321126625863
1.8050792624229643 2.0754868068022945
1.8176582119868865 2.1392801944662687
1.8302371615508104 2.20012276448286
1.8428161111147325 2.2573510533677594
1.8553950606786564 2.3103348091833915
1.8679740102425786 2.3584839086136062
1.8805529598065025 2.4012549391224356
1.8931319093704246 2.4381573580150824
1.9057108589343486 2.4687591420258888
1.9182898084982707 2.4926918448718927
1.9308687580621946 2.5096549861033286
1.9434477076261185 2.5194197025285154
1.9560266571900407 2.521831603369867
1.9686056067539646 2.5168127819018493
1.9811845563178867 2.5043629493256643
1.9937635058818106 2.484559670671394
2.0063424554457328 2.457557697154104
2.0189214050096567 2.423587404184916
2.031500354573579 2.382952358685305
2.0440793041375027 2.3360260530276817
2.056658253701425 2.2832478554294937
2.0692372032653488 2.2251182376265755
2.081816152829271 2.162193349895308
2.094395102393195 2.0950790208196777
2.1069740519571187 2.024424264547234
2.119553001521041 1.9509143816721026
2.132131951084965 1.8752637414368216
2.144710900648887 1.798208332836991
2.157289850212811 1.7204981706745586
2.169868799776733 1.6428896399020816
2.182447749340657 1.566137858002673
2.195026698904579 1.4909891309274879
2.207605648468503 1.4181735735021503
2.220184598032425 1.3483979604208225
2.232763547596349 1.2823388691252564
2.245342497160271 1.220636171123407
2.257921446724195 1.1638869236924252
2.270500396288119 1.1126397094472575
2.283079345852041 1.067389466912899
2.295658295415965 1.0285728509681153
2.308237244979887 0.9965641577679237
2.320816194543811 0.9716718444379803
2.333395144107733 0.9541356694122644
2.345974093671657 0.9441244747171541
2.3585530432355792 0.9417346267754562
2.371131992799503 0.9469891274198697
2.3837109423634253 0.9598374017972445
2.396289891927349 0.9801557647595881
2.4088688414912713 1.0077485622333298
2.4214477910551953 1.0423499789955986
2.434026740619119 1.083626499319807
2.4466056901830413 1.1311800021245102
2.459184639746965 1.1845514675906834
2.4717635893108874 1.2432252677023061
2.4843425388748113 1.3066340087893697
2.4969214884387334 1.3741638898652218
2.5095004380026573 1.4451605362940116
2.5220793875665795 1.5189352640326468
2.5346583371305034 1.5947717253087672
2.5472372866944255 1.6719328820781287
2.5598162362583494 1.7496682489424038
2.5723951858222733 1.8272213424262294
2.5849741353861955 1.9038372686873026
2.5975530849501194 1.9787703769876381
2.6101320345140415 2.051291901763028
2.6227109840779654 2.1206975121097593
2.6352899336418876 2.1863146842128844
2.6478688832058115 2.247509809942276
2.6604478327697336 2.3036949538110383
2.6730267823336575 2.354334170981656
2.6856057318975797 2.3989493012307976
2.6981846814615036 2.437125157902366
2.7107636310254257 2.46851403696912
2.7233425805893496 2.4928394793821322
2.7359215301532736 2.5098992298122216
2.7485004797171957 2.5195673464853967
2.7610794292811196 2.521795429800079
2.7736583788450417 2.5166129514282853
2.7862373284089657 2.504126680226649
2.798816277972888 2.4845192160605887
2.8113952275368117 2.458046657108799
2.823974177100734 2.425035439912375
2.8365531266646578 2.385878403948883
2.84913207622858 2.341030143494157
2.861711025792504 2.2910017187091594
2.874289975356426 2.236354805074673
2.88686892492035 2.177695365406846
2.8994478744842738 2.1156669317354417
2.912026824048196 2.0509435854144327
2.92460577361212 1.9842227231422216
2.937184723176042 1.9162176943357303
2.949763672739966 1.8476503918091234
2.962342622303888 1.7792438732561433
2.974921571867812 1.711715085922111
2.987500521431734 1.6457677613601145
3.000079470995658 1.5820855415377866
3.01265842055958 1.5213253919975285
3.025237370123504 1.4641113524172895
3.037816319687426 1.4110286698649819
3.05039526925135 1.3626183553251654
3.062974218815274 1.3193721997000047
3.075553168379196 1.2817282814068096
3.08813211794312 1.2500669938516658
3.100711067507042 1.224707617378817
3.113290017070966 1.2059054567056355
3.1258689666348882 1.1938495612904998
3.138447916198812 1.1886610424971382
3.1510268657627343 1.19039199778776
3.163605815326658 1.199025048490419
3.1761847648905803 1.2144734939548179
3.1887637144545042 1.2365820811578765
3.2013426640184264 1.2651283850748276
3.2139216135823503 1.299824791420437
3.226500563146274 1.3403210697053827
3.2390795127101963 1.38620752094768
3.2516584622741203 1.4370186808104999
3.2642374118380424 1.4922375553685066
3.2768163614019663 1.5513003630791105
3.2893953109658884 1.613601752782487
3.3019742605298124 1.6785004636023162
3.3145532100937345 1.7453253883969624
3.3271321596576584 1.8133819978687988
3.3397111092215805 1.8819590775525232
3.3522900587855045 1.9503357246908812
3.3648690083494266 2.017788546531137
3.3774479579133505 2.0835989959588597
3.3900269074772744 2.1470607747971826
3.4026058570411966 2.2074872297649644
3.4151848066051205 2.2642186612679045
3.4277637561690426 2.316629461186109
3.4403427057329665 2.36413499292187
3.4529216552968887 2.4061981254750893
3.4655006048608126 2.44233533348545
3.4780795544247347 2.4721222772302753
3.4906585039886586 2.495198780639587
3.5032374535525808 2.5112731315418864
3.5158164031165047 2.5201256365510862
3.528395352680427 2.5216113731121474
3.5409743022443507 2.515662093011795
3.5535532518082746 2.5022872448156215
3.5661322013721968 2.4815740968281887
3.5787111509361207 2.453686956851499
3.591290100500043 2.4188654997761465
3.6038690500639667 2.377422228413526
3.616447999627889 2.329739106527058
3.629026949191813 2.2762634153523735
3.641605898755735 2.2175028956883645
3.654184848319659 2.154020246650937
3.666763797883581 2.08642705926319
3.679342747447505 2.015377268154987
3.691921697011427 1.9415602078023946
3.704500646575351 1.8656933610713973
3.717079596139275 1.7885148875308432
3.729658545703197 1.7107760173006716
3.742237495267121 1.6332333933711212
3.754816444831043 1.5566414416391694
3.767395394394967 1.4817448436237637
3.779974343958889 1.4092711821791215
3.792553293522813 1.3399238257204302
3.805132243086735 1.2743751116610877
3.817711192650659 1.2132598850314094
3.830290142214581 1.1571694436583833
3.842869091778505 1.1066459368385295
3.8554480413424272 1.0621772601057984
3.868026990906351 1.0241924844302133
3.880605940470275 0.9930578539196455
3.893184890034197 0.9690733817719519
3.905763839598121 0.9524700697863392
3.9183427891620433 0.9434077721548648
3.930921738725967 0.941973719505024
3.9435006882898893 0.9481817142629644
3.9560796378538132 0.9619720033860528
3.9686585874177354 0.9832118294224932
3.9812375369816593 1.0116966557532117
3.9938164865455814 1.0471520568175794
4.006395436109505 1.089236259173673
4.0189743856734275 1.1375433144343199
4.031553335237351 1.1916068804720765
4.044132284801275 1.2509045827943273
4.056711234365197 1.314862923628019
4.069290183929121 1.3828627019736297
4.0818691334930435 1.4542449036306797
4.094448083056967 1.5283170158978319
4.1070270326208895 1.6043597172517317
4.119605982184813 1.681633887773567
4.132184931748736 1.7593878814113832
4.1447638813126595 1.8368649963748522
4.157342830876582 1.9133110751349995
4.1699217804405055 1.9879821607780455
4.182500730004428 2.0601521320172287
4.195079679568352 2.129120235224797
4.2076586291322755 2.194218428661121
4.220237578696198 2.2548184519234105
4.232816528260122 2.3103385327820085
4.245395477824044 2.3602496442687806
4.257974427387968 2.4040812273378416
4.27055337695189 2.4414262987804736
4.283132326515814 2.4719458704158868
4.295711276079736 2.495372613878305
4.30829022564366 2.5115137154681584
4.320869175207582 2.5202528773231485
4.333448124771506 2.5215514343007936
4.34602707433543 2.5154485700782763
4.358606023899352 2.502060630643867
4.371184973463276 2.4815795481178555
4.383763923027198 2.4542704022332713
4.396342872591122 2.420468160377594
4.408921822155044 2.380573649439042
4.421500771718968 2.3350488234703426
4.43407972128289 2.2844114001172504
4.446658670846814 2.229228945687149
4.459237620410736 2.1701124935837686
4.47181656997466 2.1077097836296073
4.484395519538582 2.0426982106525378
4.496974469102506 1.97577756981321
4.50955341866643 1.907662683743895
4.522132368230352 1.8390759929391398
4.534711317794276 1.7707401862881833
4.547290267358198 1.7033709434643312
4.559869216922122 1.6376698553647255
4.572448166486044 1.5743175831650411
4.585027116049968 1.5139673110080363
4.59760606561389 1.4572385420242764
4.610185015177814 1.4047112823691568
4.622763964741736 1.3569206532905362
4.63534291430566 1.3143519669032582
4.647921863869582 1.2774362973014564
4.660500813433506 1.2465465748205478
4.67307976299743 1.2219942275964077
4.685658712561352 1.2040263909859845
4.698237662125276 1.19282370185046
4.710816611689198 1.1884986911137523
4.723395561253122 1.1910947843706055
4.735974510817044 1.2005859166254895
4.748553460380968 1.2168767635079614
4.76113240994489 1.2398035875566198
4.773711359508814 1.2691356944212027
4.7862903090727364 1.3045774901268437
4.79886925863666 1.3457711268922166
4.8114482082005825 1.392299721393776
4.824027157764506 1.4436911258024796
4.83660610732843 1.4994222283461995
4.8491850568923525 1.5589237565136398
4.861764006456276 1.621585552242124
4.8743429560201985 1.6867622844492285
4.886921905584122 1.7537795600089203
4.899500855148045 1.82194038968745
4.9120798047119685 1.8905319606258906
4.924658754275891 1.9588326617050762
4.9372377038398145 2.026119302629705
4.949816653403737 2.091674461943121
4.962395602967661 2.1547938936160094
4.974974552531583 2.2147939165652524
4.987553502095507 2.2710187067258625
5.0001324516594305 2.3228474074098004
5.012711401223353 2.369700970945859
5.025290350787277 2.411048643293624
5.037869300351199 2.4464140037200526
5.050448249915123 2.47538047392446
5.063027199479045 2.4975962153281306
5.075606149042969 2.5127783396569194
5.088185098606891 2.520716366389842
5.100764048170815 2.5212748709786346
5.113342997734737 2.5143952797215476
5.125921947298661 2.5000967804745997
5.138500896862583 2.4784763326113475
5.151079846426507 2.4497077743566424
5.163658795990431 2.4140400403558884
5.176237745554353 2.371794516635551
5.188816695118277 2.3233615735282522
5.201395644682199 2.2691963292915904
5.213974594246123 2.2098137077299396
5.226553543810045 2.145782861904077
5.239132493373969 2.0777210428478488
5.251711442937891 2.0062869970644837
5.264290392501815 1.9321739794955792
5.276869342065737 1.8561024697753818
5.289448291629661 1.7788126790933856
5.302027241193583 1.7010569331345686
5.314606190757507 1.623592013612583
5.327185140321431 1.547171537134223
5.339764089885353 1.4725384457916069
5.352343039449277 1.4004176792056988
5.364921989013199 1.3315090929322917
5.377500938577123 1.2664806833314364
5.390079888141045 1.2059621742891729
5.402658837704969 1.1505390166069438
5.415237787268891 1.1007468464445005
5.427816736832815 1.0570664448822655
5.440395686396737 1.0199192364074814
5.452974635960661 0.9896633598601489
5.465553585524583 0.9665903410385974
5.478132535088507 0.950922391708518
5.490711484652431 0.9428103551515971
5.503290434216353 0.9423323136198098
5.515869383780277 0.9494928681429663
5.528448333344199 0.9642230961045727
5.541027282908123 0.9863811869052546
5.553606232472045 1.0157537509333514
5.566185182035969 1.0520577920189031
5.5787641315998915 1.0949433286120231
5.591343081163815 1.1439966441372131
5.6039220307277375 1.1987441423466765
5.6165009802916614 1.2586567790227805
5.629079929855584 1.3231550370303053
5.6416588794195075 1.3916144074465353
5.654237828983431 1.463371335237267
5.6668167785473536 1.5377295836385514
5.6793957281112775 1.613966966989545
5.6919746776752 1.6913423972075063
5.7045536272391235 1.7691031843997214
5.717132576803046 1.8464925273047572
5.72971152636697 1.9227571244371995
5.742290475930892 1.9971548321092856
5.754869425494816 2.0689622911086163
5.767448375058738 2.137482439948652
5.780027324622662 2.2020518295380773
5.792606274186586 2.262047652107775
5.805185223750508 2.3168943965611426
5.817764173314432 2.366070043319332
5.830343122878354 2.4091117144201863
5.842922072442278 2.445620699236772
5.8555010220062 2.4752667827684633
5.868079971570124 2.4977918119960214
5.880658921134046 2.513012446157165
5.89323787069797 2.5208220487738244
5.905816820261892 2.5211916925415245
5.918395769825816 2.5141702623992743
5.930974719389738 2.499883656804011
5.943553668953662 2.4785331019764003
5.956132618517586 2.450392608198431
5.968711568081508 2.4158056106817276
5.981290517645432 2.3751808496885243
5.993869467209354 2.3289875551399555
6.006448416773278 2.2777500096367516
6.0190273663372 2.2220415704885004
6.031606315901124 2.1624782359372743
6.044185265465046 2.0997118433076594
6.05676421502897 2.034422987437869
6.069343164592892 1.9673137466453532
6.081922114156816 1.899100300903896
6.094501063720738 1.8305055231485061
6.107080013284662 1.7622516199789284
6.119658962848586 1.6950528928006636
6.132237912412508 1.6296086848947335
6.144816861976432 1.5665965742793757
6.157395811540354 1.5066658667034052
6.169974761104278 1.4504314378242669
6.1825537106682 1.398467968652791
6.195132660232124 1.351304613718557
6.207711609796046 1.3094201371121268
6.22029055935997 1.273238547546352
6.232869508923892 1.2431252597839915
6.245448458487816 1.2193838061279538
6.258027408051738 1.2022531180932245
6.270606357615662 1.1919053948149942
6.283185307179586 1.1884445711540614
