-6.283185307179586 0.7387961250362586
-6.270606357615663 0.7412468714595745
-6.25802740805174 0.7437444830130072
-6.245448458487817 0.7462893446667698
-6.232869508923894 0.7488818479693471
-6.220290559359971 0.7515223910438195
-6.207711609796048 0.7542113785812748
-6.195132660232124 0.7569492218311161
-6.182553710668201 0.7597363385880519
-6.169974761104278 0.7625731531755618
-6.157395811540355 0.7654600964256054
-6.144816861976432 0.7683976056543399
-6.132237912412509 0.7713861246336058
-6.119658962848586 0.774426103557919
-6.107080013284663 0.7775179990067056
-6.09450106372074 0.7806622739014991
-6.081922114156817 0.7838593974578105
-6.069343164592894 0.7871098451313683
-6.056764215028971 0.7904140985584119
-6.044185265465048 0.7937726454897128
-6.031606315901124 0.7971859797179779
-6.019027366337201 0.8006546009982799
-6.006448416773278 0.8041790149611473
-5.993869467209355 0.8077597330179227
-5.981290517645432 0.8113972722579931
-5.968711568081509 0.8150921553374724
-5.956132618517586 0.8188449103589058
-5.943553668953663 0.8226560707415417
-5.93097471938974 0.8265261750817079
-5.918395769825817 0.8304557670028032
-5.905816820261894 0.8344453949944034
-5.893237870697971 0.8384956122399583
-5.880658921134048 0.8426069764325353
-5.868079971570124 0.8467800495780555
-5.855501022006201 0.8510153977854282
-5.842922072442278 0.8553135910429971
-5.830343122878355 0.8596752029806602
-5.817764173314432 0.8641008106170277
-5.805185223750509 0.8685909940909459
-5.792606274186586 0.8731463363767014
-5.7800273246226626 0.8777674229821916
-5.7674483750587395 0.8824548416293265
-5.7548694254948165 0.887209181915904
-5.7422904759308935 0.8920310349581779
-5.72971152636697 0.8969209930133121
-5.717132576803047 0.9018796490808889
-5.7045536272391235 0.9069075964826282
-5.6919746776752005 0.9120054284194214
-5.6793957281112775 0.9171737375048021
-5.666816778547354 0.9224131152739061
-5.654237828983431 0.9277241516669871
-5.641658879419508 0.9331074344865067
-5.629079929855585 0.9385635488268077
-5.616500980291662 0.9440930764753486
-5.603922030727739 0.9496965952844615
-5.591343081163816 0.9553746785125697
-5.578764131599893 0.9611278941337843
-5.566185182035969 0.9669568041147767
-5.553606232472047 0.9728619636578046
-5.541027282908123 0.9788439204087638
-5.5284483333442 0.9849032136290947
-5.515869383780277 0.9910403733304006
-5.503290434216354 0.9972559193705786
-5.490711484652431 1.003550360510288
-5.478132535088508 1.0099241934285568
-5.465553585524585 1.0163779016963246
-5.452974635960662 1.0229119547067267
-5.440395686396739 1.029526806560912
-5.427816736832816 1.0362228949082082
-5.415237787268893 1.0430006397394413
-5.402658837704969 1.0498604421322453
-5.390079888141047 1.056802682947199
-5.377500938577123 1.0638277214736738
-5.3649219890132 1.0709358940242666
-5.352343039449277 1.0781275124767784
-5.339764089885354 1.0854028627626862
-5.327185140321431 1.092762203301144
-5.314606190757508 1.100205763377579
-5.302027241193585 1.1077337414660262
-5.289448291629662 1.1153463034944044
-5.276869342065739 1.1230435810520247
-5.264290392501816 1.1308256695387078
-5.251711442937893 1.138692626254984
-5.239132493373969 1.1466444684329657
-5.226553543810047 1.1546811712075933
-5.213974594246123 1.1628026655281063
-5.2013956446822 1.1710088360097015
-5.188816695118277 1.179299518725553
-5.176237745554354 1.187674498939481
-5.163658795990431 1.196133508779787
-5.151079846426508 1.2046762248549558
-5.138500896862585 1.2133022658121406
-5.125921947298662 1.2220111898395887
-5.113342997734739 1.2308024921144105
-5.100764048170816 1.2396756021973558
-5.088185098606893 1.248629881376562
-5.075606149042969 1.2576646199625219
-5.063027199479047 1.266779034536853
-5.050448249915123 1.2759722651577972
-5.0378693003512 1.2852433725257038
-5.025290350787277 1.294591335112183
-5.012711401223354 1.3040150462569629
-5.0001324516594305 1.313513311236927
-4.9875535020955075 1.323084844312245
-4.9749745525315845 1.3327282657549497
-4.9623956029676615 1.342442098865807
-4.949816653403738 1.3522247669857939
-4.937237703839815 1.3620745905090272
-4.924658754275892 1.3719897839044959
-4.9120798047119685 1.3819684527544969
-4.899500855148046 1.3920085908182145
-4.886921905584122 1.4021080771294698
-4.874342956020199 1.4122646731381971
-4.861764006456276 1.4224760199058433
-4.849185056892353 1.4327396353654078
-4.83660610732843 1.4430529116574808
-4.824027157764507 1.4534131125541896
-4.811448208200584 1.463817370983562
-4.798869258636661 1.4742626866673814
-4.786290309072738 1.484745923886176
-4.773711359508814 1.495263809385526
-4.761132409944892 1.5058129304383892
-4.748553460380968 1.5163897330786749
-4.735974510817046 1.5269905205216985
-4.723395561253122 1.5376114517876658
-4.710816611689199 1.5482485405446242
-4.698237662125276 1.5588976541877473
-4.685658712561353 1.569554513172017
-4.67307976299743 1.5802146906156425
-4.660500813433507 1.5908736121916744
-4.647921863869584 1.601526556325344
-4.635342914305661 1.6121686547146534
-4.622763964741738 1.622794893191629
-4.610185015177814 1.6334001129414488
-4.597606065613892 1.6439790120963511
-4.585027116049968 1.6545261477208062
-4.572448166486046 1.6650359382038895
-4.559869216922122 1.6755026660741559
-4.547290267358199 1.685920481251479
-4.534711317794276 1.6962834047494413
-4.522132368230353 1.706585332840752
-4.50955341866643 1.7168200416969779
-4.496974469102507 1.7269811925125176
-4.484395519538584 1.7370623371212348
-4.471816569974661 1.747056924112521
-4.459237620410738 1.7569583054517566
-4.446658670846814 1.7667597436081954
-4.434079721282892 1.7764544191912022
-4.421500771718968 1.7860354390935713
-4.408921822155045 1.7954958451382579
-4.396342872591122 1.8048286232224349
-4.383763923027199 1.8140267129501362
-4.371184973463276 1.8230830177421122
-4.358606023899353 1.831990415408705
-4.34602707433543 1.8407417691687336
-4.333448124771507 1.8493299390944475
-4.320869175207584 1.8577477939596894
-4.308290225643661 1.865988223465438
-4.295711276079738 1.8740441508139476
-4.283132326515814 1.8819085455997895
-4.2705533769518915 1.8895744369832095
-4.257974427387968 1.8970349271084488
-4.2453954778240455 1.904283204726935
-4.232816528260122 1.9113125589827489
-4.2202375786961985 1.9181163933153063
-4.2076586291322755 1.924688239431999
-4.1950796795683525 1.931021771301515
-4.1825007300044295 1.9371108191167579
-4.169921780440506 1.9429493831747733
-4.157342830876583 1.948531647619822
-4.1447638813126595 1.9538519939948047
-4.132184931748737 1.9589050145455975
-4.119605982184813 1.963685525222583
-4.107027032620891 1.9681885783236923
-4.094448083056967 1.9724094747237235
-4.081869133493045 1.9763437756354518
-4.069290183929121 1.9799873138492528
-4.056711234365198 1.983336204399445
-4.044132284801275 1.9863868546075125
-4.031553335237352 1.9891359734546135
-4.018974385673429 1.9915805802384143
-4.006395436109506 1.9937180124722698
-3.993816486545583 1.9955459329880383
-3.9812375369816597 1.9970623362074407
-3.9686585874177367 1.9982655535507232
-3.9560796378538137 1.9991542579555037
-3.9435006882898906 1.9997274674830274
-3.9309217387259676 1.9999845479935643
-3.9183427891620446 1.9999252148773539
-3.905763839598121 1.9995495338322802
-3.893184890034198 1.9988579206843151
-3.880605940470275 1.997851140251638
-3.868026990906352 1.9965303042582292
-3.855448041342429 1.9948968683075556
-3.842869091778506 1.992952627931707
-3.830290142214583 1.9906997137359588
-3.8177111926506595 1.988140585663198
-3.8051322430867365 1.9852780264068934
-3.7925532935228135 1.9821151340053274
-3.7799743439588904 1.97865531365358
-3.7673953943949674 1.97490226877323
-3.7548164448310444 1.9708599913829103
-3.742237495267121 1.9665327518157076
-3.729658545703198 1.961925087831888
-3.717079596139275 1.957041793177558
-3.704500646575352 1.9518879056416611
-3.691921697011429 1.9464686946650778
-3.679342747447506 1.9407896485566443
-3.6667637978835828 1.9348564613715382
-3.6541848483196593 1.92867501950776
-3.6416058987557363 1.9222513880763719
-3.6290269491918132 1.9155917971007252
-3.61644799962789 1.9087026275991645
-3.603869050063967 1.9015903976046178
-3.591290100500044 1.8942617481731356
-3.5787111509361207 1.8867234294318158
-3.5661322013721977 1.878982286714653
-3.5535532518082746 1.8710452468327743
-3.5409743022443516 1.8629193045232075
-3.5283953526804286 1.854611509117879
-3.5158164031165056 1.8461289514718844
-3.503237453552582 1.8374787511873913
-3.490658503988659 1.8286680441666643
-3.478079554424736 1.8197039705248215
-3.465500604860813 1.8105936628900126
-3.45292165529689 1.8013442351157172
-3.440342705732967 1.7919627714269353
-3.427763756169044 1.7824563160191023
-3.4151848066051205 1.7728318631256805
-3.4026058570411974 1.7630963475675452
-3.3900269074772744 1.753256635794546
-3.3774479579133514 1.7433195174269727
-3.3648690083494284 1.7332916973020964
-3.3522900587855053 1.7231797880285347
-3.339711109221582 1.712990303048875
-3.327132159657659 1.7027296502088276
-3.314553210093736 1.692404125829128
-3.301974260529813 1.6820199092745376
-3.2893953109658898 1.6715830580125315
-3.2768163614019667 1.661099503152673
-3.2642374118380433 1.6505750454562231
-3.2516584622741203 1.6400153518042315
-3.2390795127101972 1.6294259521111993
-3.226500563146274 1.6188122366703879
-3.213921613582351 1.6081794539159737
-3.201342664018428 1.5975327085865036
-3.188763714454505 1.5868769602734816
-3.1761847648905817 1.5762170223384473
-3.1636058153266586 1.5655575611815007
-3.1510268657627356 1.554903095843979
-3.1384479161988126 1.5442579979278193
-3.1258689666348896 1.5336264918140734
-3.1132900170709665 1.5230126551630516
-3.100711067507043 1.5124204196786866
-3.08813211794312 1.5018535721198636
-3.075553168379197 1.491315755541723
-3.062974218815274 1.4808104707502254
-3.050395269251351 1.47034107795364
-3.037816319687428 1.4599107985950044
-3.025237370123505 1.4495227173500587
-3.0126584205595814 1.4391797842756293
-3.0000794709956584 1.428884817093951
-2.9875005214317354 1.4186405035989358
-2.9749215718678124 1.4084494041709703
-2.9623426223038893 1.3983139543873684
-2.9497636727399663 1.3882364677161976
-2.937184723176043 1.3782191382817772
-2.92460577361212 1.3682640436907285
-2.912026824048197 1.358373147908053
-2.8994478744842738 1.3485483041732915
-2.8868689249203507 1.338791257947398
-2.8742899753564277 1.3291036498815278
-2.8617110257925047 1.319487018799503
-2.8491320762285812 1.3099428046862607
-2.836553126664658 1.3004723516751275
-2.823974177100735 1.2910769110272726
-2.811395227536812 1.2817576440972072
-2.798816277972889 1.2725156252786678
-2.786237328408966 1.2633518449256955
-2.7736583788450426 1.254267212244171
-2.7610794292811196 1.2452625581494914
-2.7485004797171966 1.2363386380864854
-2.7359215301532736 1.2274961348080553
-2.7233425805893505 1.2187356611094056
-2.7107636310254275 1.210057762515066
-2.698184681461504 1.2014629199162572
-2.685605731897581 1.1929515521564547
-2.673026782333658 1.1845240185633044
-2.660447832769735 1.1761806214253254
-2.647868883205812 1.167921608412092
-2.635289933641889 1.1597471749368256
-2.622710984077966 1.1516574664605694
-2.6101320345140424 1.14365258073731
-2.5975530849501194 1.1357325699996246
-2.5849741353861964 1.1278974430845947
-2.5723951858222733 1.1201471674999148
-2.5598162362583503 1.1124816714302574
-2.5472372866944273 1.1049008456841132
-2.534658337130504 1.0974045455814414
-2.522079387566581 1.0899925927825895
-2.5095004380026578 1.0826647770590436
-2.4969214884387347 1.0754208580066673
-2.4843425388748117 1.0682605667021727
-2.4717635893108887 1.0611836073036425
-2.459184639746965 1.0541896585959902
-2.446605690183042 1.0472783754823072
-2.434026740619119 1.0404493904220902
-2.421447791055196 1.0337023148173996
-2.408868841491273 1.027036740348024
-2.39628989192735 1.0204522402567697
-2.383710942363427 1.01394837058601
-2.3711319927995036 1.0075246713666606
-2.3585530432355806 1.0011806677607562
-2.3459740936716575 0.9949158711588162
-2.3333951441077345 0.9887297802331987
-2.3208161945438115 0.9826218819486422
-2.3082372449798885 0.9765916525311964
-2.295658295415965 0.9706385583967393
-2.283079345852042 0.9647620570402762
-2.270500396288119 0.958961597887201
-2.257921446724196 0.9532366231076971
-2.245342497160273 0.9475865683954382
-2.23276354759635 0.9420108637117365
-2.220184598032427 0.9365089339962683
-2.207605648468504 0.9310801998454917
-2.195026698904581 0.9257240781598514
-2.1824477493406578 0.9204399827608414
-2.169868799776734 0.9152273249789874
-2.157289850212811 0.910085514213774
-2.144710900648888 0.9050139584665284
-2.132131951084965 0.9000120648472508
-2.1195530015210418 0.895079240056353
-2.1069740519571187 0.8902148908422449
-2.0943951023931957 0.8854184244356884
-2.0818161528292727 0.8806892489618062
-2.0692372032653497 0.8760267738306198
-2.0566582537014266 0.871430410106957
-2.0440793041375036 0.8668995708605507
-2.0315003545735806 0.8624336714971255
-2.0189214050096576 0.8580321300712442
-2.0063424554457336 0.8536943675816666
-1.9937635058818106 0.8494198082499426
-1.9811845563178876 0.845207879782945
-1.9686056067539646 0.8410580136200244
-1.9560266571900415 0.8369696451654428
-1.9434477076261185 0.8329422140067226
-1.9308687580621955 0.828975164119529
-1.9182898084982725 0.8250679440596764
-1.9057108589343494 0.8212200071428379
-1.8931319093704264 0.8174308116125077
-1.8805529598065034 0.813699820796752
-1.8679740102425804 0.810026503254266
-1.8553950606786564 0.8064103329102301
-1.8428161111147334 0.802850789182448
-1.8302371615508104 0.7993473570982227
-1.8176582119868874 0.7958995274024191
-1.8050792624229643 0.7925067966571376
-1.7925003128590413 0.7891686673334104
-1.7799213632951183 0.7858846478953141
-1.7673424137311953 0.7826542528768827
-1.7547634641672722 0.7794770029521805
-1.7421845146033492 0.77635242499889
-1.7296055650394262 0.7732800521557514
-1.7170266154755032 0.7702594238741732
-1.7044476659115801 0.767290085964332
-1.6918687163476562 0.7643715906360508
-1.6792897667837332 0.7615034965347492
-1.6667108172198102 0.7586853687727356
-1.6541318676558872 0.7559167789561047
-1.6415529180919641 0.7531973052074944
-1.628973968528041 0.7505265321849423
-1.616395018964118 0.7479040510970719
-1.603816069400195 0.7453294597148336
-1.591237119836272 0.7428023623800089
-1.578658170272349 0.7403223700106838
-1.566079220708426 0.7378891001038853
-1.553500271144503 0.7355021767355654
-1.54092132158058 0.7331612305581128
-1.528342372016656 0.7308658987955619
-1.515763422452733 0.7286158252366608
-1.50318447288881 0.7264106602259554
-1.490605523324887 0.7242500606530367
-1.478026573760964 0.7221336899400953
-1.4654476241970409 0.7200612180279174
-1.4528686746331179 0.7180323213604523
-1.4402897250691948 0.7160466828680743
-1.4277107755052718 0.7141039919496599
-1.4151318259413488 0.7122039444535886
-1.4025528763774258 0.7103462426577788
-1.3899739268135027 0.7085305952488598
-1.3773949772495797 0.7067567173005769
-1.3648160276856558 0.7050243302515239
-1.3522370781217328 0.7033331618822922
-1.3396581285578097 0.7016829462921195
-1.3270791789938867 0.7000734238751207
-1.3145002294299637 0.6985043412961762
-1.3019212798660407 0.6969754514665522
-1.2893423303021176 0.6954865135193201
-1.2767633807381946 0.6940372927846457
-1.2641844311742716 0.6926275607650051
-1.2516054816103486 0.6912570951103932
-1.2390265320464255 0.6899256795935771
-1.2264475824825025 0.6886331040854511
-1.2138686329185795 0.6873791645305437
-1.2012896833546556 0.686163662922726
-1.1887107337907326 0.6849864072811669
-1.1761317842268095 0.683847211626579
-1.1635528346628865 0.6827458959577983
-1.1509738850989635 0.6816822862287356
-1.1383949355350405 0.6806562143257378
-1.1258159859711174 0.6796675180453932
-1.1132370364071944 0.6787160410728174
-1.1006580868432714 0.677801632960447
-1.0880791372793484 0.6769241491073745
-1.0755001877154253 0.6760834507392519
-1.0629212381515023 0.675279404888788
-1.0503422885875793 0.6745118843768663
-1.0377633390236554 0.6737807677943066
-1.0251843894597323 0.6730859394842925
-1.0126054398958093 0.6724272895254845
-1.0000264903318863 0.67180471371584
-0.9874475407679633 0.6712181135571575
-0.9748685912040402 0.6706673962403631
-0.9622896416401172 0.6701524746315517
-0.9497106920761942 0.6696732672588037
-0.9371317425122712 0.6692296982997854
-0.9245527929483481 0.6688216975701478
-0.9119738433844251 0.6684492005127367
-0.8993948938205021 0.6681121481876224
-0.8868159442565782 0.6678104872629608
-0.8742369946926551 0.6675441700066924
-0.8616580451287321 0.6673131542790902
-0.8490790955648091 0.6671174035261599
-0.8365001460008861 0.6669568867739017
-0.823921196436963 0.6668315786234364
-0.81134224687304 0.6667414592470031
-0.798763297309117 0.6666865143848283
-0.786184347745194 0.6666667353428734
-0.7736053981812709 0.6666821189914601
-0.7610264486173479 0.6667326677647748
-0.7484474990534249 0.6668183896612536
-0.7358685494895019 0.6669392982448479
-0.723289599925578 0.6670954126471672
-0.7107106503616549 0.6672867575704996
-0.6981317007977319 0.6675133632917065
-0.6855527512338089 0.6677752656669862
-0.6729738016698859 0.6680725061375065
-0.6603948521059628 0.6684051317358946
-0.6478159025420398 0.6687731950935851
-0.6352369529781168 0.6691767544490146
-0.6226580034141938 0.6696158736566555
-0.6100790538502707 0.6700906221968843
-0.5975001042863477 0.6706010751866688
-0.5849211547224247 0.6711473133910686
-0.5723422051585016 0.671729423235535
-0.5597632555945777 0.6723474968189989
-0.5471843060306547 0.6730016319277312
-0.5346053564667317 0.6736919320499641
-0.5220264069028087 0.6744185063912549
-0.5094474573388856 0.6751814698905763
-0.4968685077749626 0.675980943237116
-0.4842895582110396 0.6768170528877643
-0.47171060864711656 0.677689931085271
-0.45913165908319353 0.6785997158770478
-0.4465527095192705 0.6795465511345952
-0.4339737599553475 0.6805305865735259
-0.42139481039142446 0.6815519777741607
-0.40881586082750143 0.6826108862026674
-0.3962369112635775 0.6837074792327151
-0.3836579616996545 0.6848419301676091
-0.37107901213573147 0.6860144182628763
-0.35850006257180844 0.6872251287492657
-0.3459211130078854 0.6884742528561223
-0.3333421634439624 0.6897619878351038
-0.32076321388003937 0.6910885369841898
-0.30818426431611634 0.6924541096719461
-0.2956053147521933 0.6938589213619943
-0.2830263651882703 0.6953031936376417
-0.27044741562434726 0.6967871542266164
-0.25786846606042424 0.6983110370258582
-0.24528951649650033 0.6998750821263051
-0.2327105669325773 0.7014795358376178
-0.22013161736865428 0.7031246507127795
-0.20755266780473125 0.7048106855725053
-0.19497371824080822 0.7065379055293896
-0.1823947686768852 0.7083065820117241
-0.16981581911296217 0.7101169927869048
-0.15723686954903915 0.7119694219843495
-0.14465791998511612 0.7138641601178439
-0.1320789704211931 0.7158015041072252
-0.11950002085727007 0.7177817572993108
-0.10692107129334705 0.7198052294879766
-0.09434212172942402 0.7218722369332822
-0.08176317216550011 0.7239831023795347
-0.06918422260157708 0.72613815507218
-0.05660527303765406 0.7283377307734072
-0.04402632347373103 0.7305821717763361
-0.03144737390980801 0.7328718269176666
-0.018868424345884982 0.7352070515886487
-0.006289474781961957 0.737588207744238
0.006289474781961069 0.7400156639102824
0.018868424345884094 0.7424897951885902
0.03144737390980712 0.7450109832597158
0.044026323473730145 0.7475796163832935
0.05660527303765317 0.750196089395743
0.0691842226015762 0.7528608037051613
0.08176317216550011 0.7555741672832076
0.09434212172942313 0.7583365946537787
0.10692107129334616 0.7611485068782655
0.11950002085726918 0.7640103315371676
0.1320789704211922 0.7669225027078369
0.14465791998511524 0.7698854609381118
0.15723686954903826 0.7728996532155872
0.16981581911296129 0.775965532932263
0.1823947686768843 0.7790835598442952
0.19497371824080734 0.7822542000265672
0.20755266780473036 0.7854779258217824
0.2201316173686534 0.7887552157837726
0.2327105669325764 0.7920865546146961
0.24528951649650033 0.795472433095794
0.25786846606042335 0.7989133480113517
0.2704474156243464 0.802409802065508
0.2830263651882694 0.8059623037915271
0.2956053147521924 0.809571367453144
0.30818426431611545 0.813237512937575
0.3207632138800385 0.816961265639765
0.3333421634439615 0.8207431563374344
0.34592111300788453 0.8245837210564617
0.35850006257180755 0.8284835009261294
0.3710790121357306 0.8324430420237375
0.3836579616996536 0.8364628952080705
0.39623691126357663 0.8405436159411873
0.40881586082750054 0.8446857640979831
0.42139481039142357 0.8488899037629466
0.4339737599553466 0.8531566030135299
0.4465527095192696 0.8574864336895083
0.45913165908319264 0.8618799711477023
0.47171060864711567 0.8663377940014032
0.4842895582110387 0.870860483843825
0.4968685077749617 0.8754486249548808
0.5094474573388847 0.8801028039905645
0.5220264069028078 0.8848236096541834
0.5346053564667308 0.8896116323486805
0.5471843060306538 0.894467463809247
0.5597632555945768 0.8993916967154093
0.5723422051585008 0.9043849242817507
0.5849211547224238 0.9094477398263981
0.5975001042863468 0.9145807363163911
0.6100790538502698 0.9197845058890116
0.6226580034141929 0.9250596393481436
0.6352369529781159 0.9304067256346983
0.6478159025420389 0.9358263512701221
0.6603948521059619 0.9413190997719794
0.672973801669885 0.9468855510405784
0.685552751233808 0.9525262807155961
0.698131700797731 0.9582418595016192
0.710710650361654 0.9640328524615186
0.723289599925578 0.9698998182765404
0.735868549489501 0.9758433084719859
0.748447499053424 0.9818638666073377
0.761026448617347 0.987962027429669
0.77360539818127 0.9941383159891641
0.7861843477451931 1.0003932467155685
0.7987632973091161 1.006727322454376
0.8113422468730391 1.013141033461553
0.8239211964369622 1.0196348563556024
0.8365001460008852 1.0262092530257645
0.8490790955648082 1.032864669495157
0.8616580451287312 1.0396015347376655
0.8742369946926543 1.0464202594474021
0.8868159442565782 1.0533212347595746
0.8993948938205012 1.0603048309216132
0.9119738433844242 1.0673713959134523
0.9245527929483472 1.0745212540158646
0.9371317425122703 1.081754704325812
0.9497106920761933 1.0890720192178016
0.9622896416401163 1.0964734427502965
0.9748685912040393 1.103959189016284
0.9874475407679624 1.111529440437177
1.0000264903318854 1.1191843459992872
1.0126054398958084 1.1269240194322125
1.0251843894597314 1.134748537328553
1.0377633390236545 1.1426579372044916
1.0503422885875784 1.1506522155008847
1.0629212381515014 1.158731325524626
1.0755001877154244 1.1668951753302095
1.0880791372793475 1.175143625541538
1.1006580868432705 1.1834764871142154
1.1132370364071935 1.1918935190387256
1.1258159859711165 1.2003944259850996
1.1383949355350396 1.2089788558898786
1.1509738850989626 1.2176463974864127
1.1635528346628856 1.2263965777797632
1.1761317842268086 1.2352288594677518
1.1887107337907317 1.2441426383099594
1.2012896833546547 1.2531372404467809
1.2138686329185786 1.2622119196709538
1.2264475824825016 1.2713658546543012
1.2390265320464247 1.2805981461327938
1.2516054816103477 1.2899078140533868
1.2641844311742707 1.2992937946864904
1.2767633807381937 1.3087549377083323
1.2893423303021168 1.318290003257901
1.3019212798660398 1.3278976589735998
1.3145002294299628 1.3375764770152108
1.3270791789938858 1.3473249310772462
1.3396581285578089 1.3571413934002647
1.3522370781217319 1.3670241317872507
1.3648160276856558 1.376971306632676
1.3773949772495788 1.3869809679724152
1.3899739268135018 1.3970510525632511
1.4025528763774249 1.4071793810012514
1.415131825941348 1.4173636548889015
1.427710775505271 1.4276014540614412
1.440289725069194 1.4378902338834534
1.452868674633117 1.4482273226273266
1.46544762419704 1.458609918945813
1.478026573760963 1.469035089451467
1.490605523324886 1.4794997664163265
1.503184472888809 1.490000745605757
1.515763422452732 1.5005346842608962
1.528342372016656 1.5110980992446736
1.540921321580579 1.5216873653668368
1.553500271144502 1.5322987139038846
1.566079220708425 1.542928231330202
1.5786581702723481 1.553571858277056
1.5912371198362711 1.5642253887364244
1.6038160694001942 1.574884469526875
1.6163950189641172 1.5855446000388889
1.6289739685280402 1.5962011322771466
1.6415529180919632 1.6068492712173053
1.6541318676558863 1.6174840754947561
1.6667108172198093 1.6281004584426777
1.6792897667837323 1.6386931894964678
1.6918687163476562 1.6492568959812501
1.7044476659115793 1.659786065298693
1.7170266154755023 1.6702750475287724
1.7296055650394244 1.6807180584613677
1.7421845146033483 1.6911091830717513
1.7547634641672705 1.7014423794529934
1.7673424137311944 1.7117114832172184
1.7799213632951183 1.7219102123762997
1.7925003128590404 1.7320321727112105
1.8050792624229643 1.742070863637643
1.8176582119868865 1.7520196845737566
1.8302371615508104 1.7618719418141087
1.8428161111147325 1.7716208559117281
1.8553950606786564 1.7812595695682043
1.8679740102425786 1.7907811560293114
1.8805529598065025 1.8001786279813383
1.8931319093704246 1.80944494694068
1.9057108589343486 1.8185730331266947
1.9182898084982707 1.827555775805008
1.9308687580621946 1.836386044085713
1.9434477076261185 1.8450566981579506
1.9560266571900407 1.8535606009395207
1.9686056067539646 1.8618906301171465
1.9811845563178867 1.8700396905500916
1.9937635058818106 1.8780007270069015
2.0063424554457328 1.8857667372020965
2.0189214050096567 1.8933307850968573
2.031500354573579 1.9006860144249456
2.0440793041375027 1.9078256624025278
2.056658253701425 1.9147430735780087
2.0692372032653488 1.921431713775745
2.081816152829271 1.927885184085293
2.094395102393195 1.9340972348460237
2.1069740519571187 1.9400617795751984
2.119553001521041 1.9457729087862699
2.132131951084965 1.9512249036430318
2.144710900648887 1.9564122493944462
2.157289850212811 1.9613296485345575
2.169868799776733 1.9659720336317108
2.182447749340657 1.9703345797716043
2.195026698904579 1.974412716559246
2.207605648468503 1.978202139625896
2.220184598032425 1.9816988215884093
2.232763547596349 1.9848990224101177
2.245342497160271 1.9877992991144884
2.257921446724195 1.9903965148052356
2.270500396288119 1.9926878469493794
2.283079345852041 1.9946707948828601
2.295658295415965 1.9963431865017836
2.308237244979887 1.9977031841060755
2.320816194543811 1.9987492893663692
2.333395144107733 1.9994803473891183
2.345974093671657 1.9998955498594206
2.3585530432355792 1.9999944372455931
2.371131992799503 1.9997769000542782
2.3837109423634253 1.999243179129698
2.396289891927349 1.9983938649955137
2.4088688414912713 1.9972298962426553
2.4214477910551953 1.9957525569713344
2.434026740619119 1.9939634733002445
2.4466056901830413 1.9918646089606302
2.459184639746965 1.9894582599974562
2.4717635893108874 1.9867470486042629
2.4843425388748113 1.9837339161224332
2.4969214884387334 1.9804221152395207
2.5095004380026573 1.9768152014248837
2.5220793875665795 1.9729170236442402
2.5346583371305034 1.968731714397728
2.5472372866944255 1.9642636791287744
2.5598162362583494 1.9595175850533304
2.5723951858222733 1.954498349461065
2.5849741353861955 1.9492111275416149
2.5975530849501194 1.9436612997902416
2.6101320345140415 1.937854459048081
2.6227109840779654 1.9317963972326027
2.6352899336418876 1.9254930918140343
2.6478688832058115 1.9189506920932264
2.6604478327697336 1.912175505335873
2.6730267823336575 1.905173982817052
2.6856057318975797 1.8979527058288876
2.6981846814615036 1.8905183717025802
2.7107636310254257 1.8828777798943612
2.7233425805893496 1.8750378181828564
2.7359215301532736 1.8670054490232322
2.7485004797171957 1.858787696101022
2.7610794292811196 1.8503916311260407
2.7736583788450417 1.8418243609041183
2.7862373284089657 1.8330930147215387
2.798816277972888 1.8242047320743013
2.8113952275368117 1.8151666507713036
2.823974177100734 1.8059858954376817
2.8365531266646578 1.7966695664415109
2.84913207622858 1.7872247292641956
2.861711025792504 1.7776584043318966
2.874289975356426 1.7679775573225622
2.88686892492035 1.758189089960263
2.8994478744842738 1.748299831305913
2.912026824048196 1.738316529550773
2.92460577361212 1.7282458443167077
2.937184723176042 1.7180943394647712
2.949763672739966 1.707868476411432
2.962342622303888 1.6975746079497054
2.974921571867812 1.6872189725704134
2.987500521431734 1.67680768927707
3.000079470995658 1.6663467528861189
3.01265842055958 1.6558420298028294
3.025237370123504 1.6452992542616787
3.037816319687426 1.634724025018922
3.05039526925135 1.6241218024838653
3.062974218815274 1.6134979062745063
3.075553168379196 1.6028575131823202
3.08813211794312 1.5922056555303292
3.100711067507042 1.5815472199080565
3.113290017070966 1.57088694626646
3.1258689666348882 1.5602294273557236
3.138447916198812 1.5495791084884525
3.1510268657627343 1.5389402876108182
3.163605815326658 1.5283171156640614
3.1761847648905803 1.517713597218923
3.1887637144545042 1.5071335913656247
3.2013426640184264 1.496580812842303
3.2139216135823503 1.4860588333849978
3.226500563146274 1.475571083282711
3.2390795127101963 1.4651208531213396
3.2516584622741203 1.454711295700778
3.2642374118380424 1.4443454281099348
3.2768163614019663 1.4340261339448546
3.2893953109658884 1.4237561656557376
3.3019742605298124 1.4135381470091084
3.3145532100937345 1.403374575652021
3.3271321596576584 1.3932678257656885
3.3397111092215805 1.383220150796582
3.3522900587855045 1.3732336862535455
3.3648690083494266 1.3633104525601518
3.3774479579133505 1.3534523579520172
3.3900269074772744 1.3436612014094624
3.4026058570411966 1.3339386756164031
3.4151848066051205 1.3242863699369691
3.4277637561690426 1.314705773401899
3.4403427057329665 1.3051982776972508
3.4529216552968887 1.2957651801485777
3.4655006048608126 1.2864076866941292
3.4780795544247347 1.27712691484123
3.4906585039886586 1.267923896600372
3.5032374535525808 1.258799581392097
3.5158164031165047 1.2497548389221047
3.528395352680427 1.2407904620205226
3.5409743022443507 1.2319071694415904
3.5535532518082746 1.223105608620473
3.5661322013721968 1.2143863583842103
3.5787111509361207 1.205749931614196
3.591290100500043 1.1971967778578978
3.6038690500639667 1.1887272858878015
3.616447999627889 1.1803417862059096
3.629026949191813 1.1720405534923202
3.641605898755735 1.1638238089967439
3.654184848319659 1.1556917228719674
3.666763797883581 1.1476444164485768
3.679342747447505 1.1396819644503757
3.691921697011427 1.1318043971501939
3.704500646575351 1.1240117024658907
3.717079596139275 1.116303827996582
3.729658545703197 1.1086806829992049
3.742237495267121 1.1011421403057078
3.754816444831043 1.0936880381812815
3.767395394394967 1.0863181821241077
3.779974343958889 1.0790323466072749
3.792553293522813 1.0718302767635268
3.805132243086735 1.0647116900136606
3.817711192650659 1.0576762776393946
3.830290142214581 1.050723706301659
3.842869091778505 1.0438536195052461
3.8554480413424272 1.0370656390108801
3.868026990906351 1.0303593661957315
3.880605940470275 1.023734383363511
3.893184890034197 1.017190255005241
3.905763839598121 1.0107265290118699
3.9183427891620433 1.004342737839907
3.930921738725967 0.9980383996312349
3.9435006882898893 0.9918130192883292
3.9560796378538132 0.9856660895060473
3.9686585874177354 0.9795970917612228
3.9812375369816593 0.9736054972612321
3.9938164865455814 0.9676907678527613
4.006395436109505 0.9618523568919318
4.0189743856734275 0.9560897100769921
4.031553335237351 0.9504022662447175
4.044132284801275 0.9447894581316985
4.056711234365197 0.9392507131016348
4.069290183929121 0.9337854538397662
4.0818691334930435 0.9283930990155534
4.094448083056967 0.9230730639146735
4.1070270326208895 0.9178247610414182
4.119605982184813 0.912647600692513
4.132184931748736 0.907540991503406
4.1447638813126595 0.9025043409679964
4.157342830876582 0.8975370559328057
4.1699217804405055 0.8926385430665184
4.182500730004428 0.8878082093058441
4.195079679568352 0.8830454622785854
4.2076586291322755 0.8783497107048063
4.220237578696198 0.8737203647769508
4.232816528260122 0.8691568365197422
4.245395477824044 0.8646585401306826
4.257974427387968 0.8602248923019188
4.27055337695189 0.8558553125242583
4.283132326515814 0.8515492233740505
4.295711276079736 0.8473060507836682
4.30829022564366 0.8431252242962626
4.320869175207582 0.839006177305482
4.333448124771506 0.8349483472807799
4.34602707433543 0.8309511759789585
4.358606023899352 0.8270141096425392
4.371184973463276 0.8231365991855482
4.383763923027198 0.8193181003672877
4.396342872591122 0.8155580739546231
4.408921822155044 0.8118559858733282
4.421500771718968 0.8082113073489762
4.43407972128289 0.8046235150378824
4.446658670846814 0.8010920911485503
4.459237620410736 0.7976165235540913
4.47181656997466 0.7941963058960362
4.484395519538582 0.7908309376799728
4.496974469102506 0.7875199243633997
4.50955341866643 0.7842627774361942
4.522132368230352 0.78105901449406
4.534711317794276 0.7779081593053134
4.547290267358198 0.7748097418713584
4.559869216922122 0.7717632984811685
4.572448166486044 0.7687683717601083
4.585027116049968 0.7658245107133809
4.59760606561389 0.7629312707644125
4.610185015177814 0.7600882137884352
4.622763964741736 0.7572949081415536
4.63534291430566 0.7545509286855385
4.647921863869582 0.7518558568086057
4.660500813433506 0.7492092804424071
4.67307976299743 0.7466107940754697
4.685658712561352 0.7440599987632907
4.698237662125276 0.741556502135301
4.710816611689198 0.7390999183988979
4.723395561253122 0.736689868340731
4.735974510817044 0.7343259793254303
4.748553460380968 0.7320078852919432
4.76113240994489 0.7297352267476553
4.773711359508814 0.7275076507604459
4.7862903090727364 0.725324810948837
4.79886925863666 0.7231863674703752
4.8114482082005825 0.7210919870083922
4.824027157764506 0.7190413427572686
4.83660610732843 0.7170341144063356
4.8491850568923525 0.7150699881225289
4.861764006456276 0.7131486565319136
4.8743429560201985 0.7112698187001915
4.886921905584122 0.7094331801122891
4.899500855148045 0.7076384526511379
4.9120798047119685 0.7058853545757289
4.924658754275891 0.7041736104985449
4.9372377038398145 0.7025029513624464
4.949816653403737 0.7008731144171051
4.962395602967661 0.6992838431950501
4.974974552531583 0.6977348874874169
4.987553502095507 0.696226003319456
5.0001324516594305 0.6947569529258812
5.012711401223353 0.6933275047261136
5.025290350787277 0.6919374332994856
5.037869300351199 0.6905865193604669
5.050448249915123 0.6892745497339597
5.063027199479045 0.6880013173307266
5.075606149042969 0.6867666211229887
5.088185098606891 0.6855702661202547
5.100764048170815 0.6844120633454147
5.113342997734737 0.6832918298111481
5.125921947298661 0.6822093884966847
5.138500896862583 0.6811645683249563
5.151079846426507 0.6801572041401753
5.163658795990431 0.6791871366858774
5.176237745554353 0.678254212583456
5.188816695118277 0.6773582843112237
5.201395644682199 0.6764992101840288
5.213974594246123 0.6756768543334508
5.226553543810045 0.6748910866886068
5.239132493373969 0.674141782957587
5.251711442937891 0.6734288246095473
5.264290392501815 0.6727520988574768
5.276869342065737 0.6721114986416622
5.289448291629661 0.6715069226138674
5.302027241193583 0.6709382751222469
5.314606190757507 0.6704054661970081
5.327185140321431 0.6699084115368379
5.339764089885353 0.66944703249611
5.352343039449277 0.6690212560728827
5.364921989013199 0.668631014897702
5.377500938577123 0.6682762472232209
5.390079888141045 0.6679568969146423
5.402658837704969 0.6676729134409992
5.415237787268891 0.6674242518672769
5.427816736832815 0.6672108728473859
5.440395686396737 0.6670327426179925
5.452974635960661 0.6668898329932121
5.465553585524583 0.6667821213601707
5.478132535088507 0.6667095906754372
5.490711484652431 0.6666722294623328
5.503290434216353 0.6666700318091157
5.515869383780277 0.6667029973680468
5.528448333344199 0.6667711313553342
5.541027282908123 0.6668744445519589
5.553606232472045 0.667012953305378
5.566185182035969 0.6671866795321086
5.5787641315998915 0.6673956507211839
5.591343081163815 0.6676398999384839
5.6039220307277375 0.6679194658319338
5.6165009802916614 0.6682343926375662
5.629079929855584 0.6685847301864407
5.6416588794195075 0.6689705339124153
5.654237828983431 0.6693918648607635
5.6668167785473536 0.6698487896976244
5.6793957281112775 0.6703413807202834
5.6919746776752 0.670869715868266
5.7045536272391235 0.6714338787352411
5.717132576803046 0.672033958581715
5.72971152636697 0.672670050348508
5.742290475930892 0.6733422546709975
5.754869425494816 0.6740506778941118
5.767448375058738 0.6747954320880597
5.780027324622662 0.6755766350647784
5.792606274186586 0.6763944103950781
5.805185223750508 0.6772488874264685
5.817764173314432 0.6781402013016407
5.830343122878354 0.6790684929775843
5.842922072442278 0.6800339092453169
5.8555010220062 0.6810366027501956
5.868079971570124 0.68207673201279
5.880658921134046 0.6831544614502804
5.89323787069797 0.6842699613983586
5.905816820261892 0.6854234081335906
5.918395769825816 0.6866149838962151
5.930974719389738 0.6878448769133347
5.943553668953662 0.6891132814224675
5.956132618517586 0.6904203976954136
5.968711568081508 0.6917664320623986
5.981290517645432 0.6931515969364467
5.993869467209354 0.6945761108379352
6.006448416773278 0.6960401984192859
6.0190273663372 0.6975440904897322
6.031606315901124 0.6990880240401175
6.044185265465046 0.7006722422676566
6.05676421502897 0.7022969946006072
6.069343164592892 0.7039625367227813
6.081922114156816 0.7056691305978349
6.094501063720738 0.707417044493257
6.107080013284662 0.7092065530039947
6.119658962848586 0.7110379370756237
6.132237912412508 0.7129114840269917
6.144816861976432 0.7148274875722448
6.157395811540354 0.7167862478421445
6.169974761104278 0.7187880714045857
6.1825537106682 0.7208332712842086
6.195132660232124 0.7229221669810094
6.207711609796046 0.7250550844878307
6.22029055935997 0.7272323563066255
6.232869508923892 0.7294543214633672
6.245448458487816 0.7317213255214868
6.258027408051738 0.7340337205936972
6.270606357615662 0.7363918653520772
6.283185307179586 0.7387961250362585
