 1.000541  0.002029
  0.999091  0.002788
  0.994746  0.005050
  0.987522  0.008774
  0.977446  0.013889
  0.964556  0.020302
  0.948903  0.027896
  0.930552  0.036535
  0.909582  0.046067
  0.886087  0.056326
  0.860176  0.067138
  0.831974  0.078321
  0.801625  0.089692
  0.769287  0.101064
  0.735136  0.112254
  0.699362  0.123081
  0.662174  0.133369
  0.623792  0.142951
  0.584453  0.151667
  0.544407  0.159370
  0.503918  0.165925
  0.463256  0.171213
  0.422705  0.175137
  0.381644  0.177529
  0.340087  0.177658
  0.299562  0.175414
  0.260438  0.170888
  0.223072  0.164230
  0.187798  0.155634
  0.154918  0.145339
  0.124702  0.133614
  0.097378  0.120751
  0.073135  0.107057
  0.052117  0.092837
  0.034431  0.078389
  0.020147  0.063991
  0.009300  0.049890
  0.001894  0.036299
 -0.002091  0.023383
 -0.002701  0.011262
  0.000000  0.000000
  0.005784 -0.010032
  0.014403 -0.018497
  0.025736 -0.025437
  0.039643 -0.030911
  0.055973 -0.034991
  0.074562 -0.037762
  0.095243 -0.039322
  0.117848 -0.039782
  0.142216 -0.039265
  0.168191 -0.037903
  0.195634 -0.035840
  0.224417 -0.033229
  0.254429 -0.030231
  0.285571 -0.027016
  0.317755 -0.023757
  0.350896 -0.020630
  0.384911 -0.017809
  0.420861 -0.015348
  0.458285 -0.012855
  0.496082 -0.010369
  0.534052 -0.007985
  0.571982 -0.005783
  0.609654 -0.003826
  0.646843 -0.002158
  0.683321 -0.000805
  0.718854  0.000223
  0.753211  0.000935
  0.786160  0.001352
  0.817474  0.001505
  0.846931  0.001435
  0.874319  0.001187
  0.899435  0.000809
  0.922088  0.000348
  0.942103 -0.000151
  0.959324 -0.000647
  0.973611 -0.001103
  0.984848 -0.001490
  0.992942 -0.001784
  0.997826 -0.001967
  0.999459 -0.002029