1.000127  0.000509
  0.998607  0.000981
  0.994055  0.002385
  0.986496  0.004683
  0.975970  0.007814
  0.962535  0.011695
  0.946265  0.016222
  0.927248  0.021275
  0.905592  0.026719
  0.881419  0.032406
  0.854865  0.038184
  0.826083  0.043895
  0.795241  0.049381
  0.762520  0.054487
  0.728115  0.059067
  0.692232  0.062982
  0.655089  0.066111
  0.616915  0.068344
  0.578098  0.069677
  0.538876  0.070443
  0.499388  0.070661
  0.459881  0.070307
  0.420605  0.069371
  0.381810  0.067853
  0.343741  0.065765
  0.306642  0.063130
  0.270749  0.059984
  0.236292  0.056373
  0.203492  0.052356
  0.172556  0.047998
  0.143682  0.043374
  0.117051  0.038563
  0.092829  0.033650
  0.071166  0.028720
  0.052195  0.023858
  0.036031  0.019143
  0.022769  0.014649
  0.012486  0.010441
  0.005240  0.006572
  0.001071  0.003083
  0.000000  0.000000
  0.002011 -0.002570
  0.007072 -0.004531
  0.015145 -0.005889
  0.026175 -0.006658
  0.040090 -0.006859
  0.056798 -0.006517
  0.076194 -0.005668
  0.098154 -0.004353
  0.122544 -0.002617
  0.149211 -0.000515
  0.177996  0.001893
  0.208723  0.004546
  0.241209  0.007376
  0.275261  0.010315
  0.310675  0.013293
  0.347242  0.016243
  0.384745  0.019100
  0.422960  0.021806
  0.461660  0.024308
  0.500612  0.026561
  0.539583  0.028531
  0.578337  0.030192
  0.616530  0.031482
  0.653928  0.032032
  0.690452  0.031803
  0.725876  0.030853
  0.759978  0.029262
  0.792544  0.027123
  0.823365  0.024542
  0.852242  0.021635
  0.878987  0.018523
  0.903425  0.015328
  0.925392  0.012172
  0.944742  0.009170
  0.961344  0.006430
  0.975086  0.004048
  0.985874  0.002105
  0.993633  0.000669
  0.998310 -0.000212
  0.999873 -0.000509