1.001001001001000645e-02
1.001001001001000645e-02
1.001001001001000645e-02
1.001001001001000645e-02
3.003003003003001936e-02
1.001001001001000645e-02
1.001001001001000645e-02
1.001001001001000645e-02
3.303303303303302130e-01
3.103103103103102001e-01
2.502502502502501613e-01
3.303303303303302130e-01
3.503503503503502259e-01
3.303303303303302130e-01
3.703703703703702388e-01
3.903903903903902517e-01
4.304304304304302775e-01
2.902902902902901872e-01
2.902902902902901872e-01
3.303303303303302130e-01
3.503503503503502259e-01
3.903903903903902517e-01
4.304304304304302775e-01
3.503503503503502259e-01
3.303303303303302130e-01
3.103103103103102001e-01
3.903903903903902517e-01
4.304304304304302775e-01
4.904904904904903162e-01
1.001001001001000645e-02
1.001001001001000645e-02
