-6.283185307179586 0.07387961250362586
-6.270606357615663 0.07412468714595745
-6.25802740805174 0.07437444830130073
-6.245448458487817 0.07462893446667698
-6.232869508923894 0.07488818479693471
-6.220290559359971 0.07515223910438196
-6.207711609796048 0.0754211378581275
-6.195132660232124 0.07569492218311161
-6.182553710668201 0.07597363385880519
-6.169974761104278 0.0762573153175562
-6.157395811540355 0.07654600964256054
-6.144816861976432 0.076839760565434
-6.132237912412509 0.07713861246336058
-6.119658962848586 0.0774426103557919
-6.107080013284663 0.07775179990067056
-6.09450106372074 0.07806622739014991
-6.081922114156817 0.07838593974578105
-6.069343164592894 0.07871098451313682
-6.056764215028971 0.0790414098558412
-6.044185265465048 0.07937726454897129
-6.031606315901124 0.07971859797179778
-6.019027366337201 0.080065460099828
-6.006448416773278 0.08041790149611475
-5.993869467209355 0.08077597330179227
-5.981290517645432 0.0811397272257993
-5.968711568081509 0.08150921553374724
-5.956132618517586 0.08188449103589059
-5.943553668953663 0.08226560707415417
-5.93097471938974 0.0826526175081708
-5.918395769825817 0.08304557670028033
-5.905816820261894 0.08344453949944035
-5.893237870697971 0.08384956122399584
-5.880658921134048 0.08426069764325354
-5.868079971570124 0.08467800495780556
-5.855501022006201 0.08510153977854282
-5.842922072442278 0.08553135910429972
-5.830343122878355 0.08596752029806604
-5.817764173314432 0.08641008106170278
-5.805185223750509 0.0868590994090946
-5.792606274186586 0.08731463363767014
-5.7800273246226626 0.08777674229821916
-5.7674483750587395 0.08824548416293265
-5.7548694254948165 0.0887209181915904
-5.7422904759308935 0.0892031034958178
-5.72971152636697 0.08969209930133122
-5.717132576803047 0.09018796490808889
-5.7045536272391235 0.09069075964826283
-5.6919746776752005 0.09120054284194215
-5.6793957281112775 0.09171737375048021
-5.666816778547354 0.09224131152739061
-5.654237828983431 0.09277241516669871
-5.641658879419508 0.09331074344865067
-5.629079929855585 0.09385635488268078
-5.616500980291662 0.09440930764753487
-5.603922030727739 0.09496965952844616
-5.591343081163816 0.09553746785125697
-5.578764131599893 0.09611278941337843
-5.566185182035969 0.09669568041147768
-5.553606232472047 0.09728619636578047
-5.541027282908123 0.09788439204087639
-5.5284483333442 0.09849032136290949
-5.515869383780277 0.09910403733304006
-5.503290434216354 0.09972559193705785
-5.490711484652431 0.10035503605102881
-5.478132535088508 0.10099241934285569
-5.465553585524585 0.10163779016963247
-5.452974635960662 0.10229119547067267
-5.440395686396739 0.10295268065609121
-5.427816736832816 0.10362228949082082
-5.415237787268893 0.10430006397394413
-5.402658837704969 0.10498604421322452
-5.390079888141047 0.10568026829471991
-5.377500938577123 0.10638277214736737
-5.3649219890132 0.10709358940242666
-5.352343039449277 0.10781275124767783
-5.339764089885354 0.10854028627626863
-5.327185140321431 0.1092762203301144
-5.314606190757508 0.1100205763377579
-5.302027241193585 0.11077337414660264
-5.289448291629662 0.11153463034944044
-5.276869342065739 0.11230435810520248
-5.264290392501816 0.11308256695387077
-5.251711442937893 0.11386926262549839
-5.239132493373969 0.11466444684329657
-5.226553543810047 0.11546811712075934
-5.213974594246123 0.11628026655281062
-5.2013956446822 0.11710088360097015
-5.188816695118277 0.11792995187255531
-5.176237745554354 0.11876744989394811
-5.163658795990431 0.11961335087797872
-5.151079846426508 0.12046762248549558
-5.138500896862585 0.12133022658121406
-5.125921947298662 0.12220111898395888
-5.113342997734739 0.12308024921144106
-5.100764048170816 0.1239675602197356
-5.088185098606893 0.1248629881376562
-5.075606149042969 0.1257664619962522
-5.063027199479047 0.12667790345368532
-5.050448249915123 0.12759722651577973
-5.0378693003512 0.12852433725257037
-5.025290350787277 0.1294591335112183
-5.012711401223354 0.1304015046256963
-5.0001324516594305 0.1313513311236927
-4.9875535020955075 0.1323084844312245
-4.9749745525315845 0.13327282657549497
-4.9623956029676615 0.1342442098865807
-4.949816653403738 0.1352224766985794
-4.937237703839815 0.13620745905090273
-4.924658754275892 0.1371989783904496
-4.9120798047119685 0.1381968452754497
-4.899500855148046 0.13920085908182145
-4.886921905584122 0.14021080771294697
-4.874342956020199 0.14122646731381974
-4.861764006456276 0.14224760199058434
-4.849185056892353 0.1432739635365408
-4.83660610732843 0.14430529116574808
-4.824027157764507 0.14534131125541896
-4.811448208200584 0.1463817370983562
-4.798869258636661 0.14742626866673814
-4.786290309072738 0.14847459238861763
-4.773711359508814 0.14952638093855258
-4.761132409944892 0.1505812930438389
-4.748553460380968 0.1516389733078675
-4.735974510817046 0.15269905205216985
-4.723395561253122 0.15376114517876657
-4.710816611689199 0.15482485405446245
-4.698237662125276 0.15588976541877475
-4.685658712561353 0.1569554513172017
-4.67307976299743 0.15802146906156425
-4.660500813433507 0.15908736121916744
-4.647921863869584 0.16015265563253442
-4.635342914305661 0.16121686547146535
-4.622763964741738 0.1622794893191629
-4.610185015177814 0.1633400112941449
-4.597606065613892 0.1643979012096351
-4.585027116049968 0.16545261477208062
-4.572448166486046 0.16650359382038896
-4.559869216922122 0.1675502666074156
-4.547290267358199 0.1685920481251479
-4.534711317794276 0.16962834047494413
-4.522132368230353 0.1706585332840752
-4.50955341866643 0.1716820041696978
-4.496974469102507 0.17269811925125178
-4.484395519538584 0.1737062337121235
-4.471816569974661 0.1747056924112521
-4.459237620410738 0.17569583054517568
-4.446658670846814 0.17667597436081955
-4.434079721282892 0.1776454419191202
-4.421500771718968 0.17860354390935715
-4.408921822155045 0.1795495845138258
-4.396342872591122 0.18048286232224348
-4.383763923027199 0.18140267129501364
-4.371184973463276 0.18230830177421123
-4.358606023899353 0.18319904154087052
-4.34602707433543 0.18407417691687336
-4.333448124771507 0.18493299390944476
-4.320869175207584 0.18577477939596893
-4.308290225643661 0.1865988223465438
-4.295711276079738 0.18740441508139477
-4.283132326515814 0.18819085455997897
-4.2705533769518915 0.18895744369832096
-4.257974427387968 0.1897034927108449
-4.2453954778240455 0.1904283204726935
-4.232816528260122 0.1911312558982749
-4.2202375786961985 0.19181163933153064
-4.2076586291322755 0.19246882394319992
-4.1950796795683525 0.19310217713015151
-4.1825007300044295 0.1937110819116758
-4.169921780440506 0.19429493831747732
-4.157342830876583 0.19485316476198222
-4.1447638813126595 0.19538519939948049
-4.132184931748737 0.19589050145455977
-4.119605982184813 0.19636855252225832
-4.107027032620891 0.19681885783236924
-4.094448083056967 0.19724094747237236
-4.081869133493045 0.19763437756354518
-4.069290183929121 0.19799873138492527
-4.056711234365198 0.19833362043994449
-4.044132284801275 0.19863868546075128
-4.031553335237352 0.19891359734546135
-4.018974385673429 0.19915805802384146
-4.006395436109506 0.199371801247227
-3.993816486545583 0.19955459329880385
-3.9812375369816597 0.19970623362074408
-3.9686585874177367 0.19982655535507235
-3.9560796378538137 0.19991542579555038
-3.9435006882898906 0.19997274674830276
-3.9309217387259676 0.19999845479935643
-3.9183427891620446 0.1999925214877354
-3.905763839598121 0.19995495338322802
-3.893184890034198 0.19988579206843154
-3.880605940470275 0.1997851140251638
-3.868026990906352 0.1996530304258229
-3.855448041342429 0.19948968683075557
-3.842869091778506 0.1992952627931707
-3.830290142214583 0.1990699713735959
-3.8177111926506595 0.1988140585663198
-3.8051322430867365 0.19852780264068937
-3.7925532935228135 0.19821151340053275
-3.7799743439588904 0.197865531365358
-3.7673953943949674 0.197490226877323
-3.7548164448310444 0.19708599913829106
-3.742237495267121 0.19665327518157077
-3.729658545703198 0.1961925087831888
-3.717079596139275 0.19570417931775583
-3.704500646575352 0.19518879056416613
-3.691921697011429 0.19464686946650778
-3.679342747447506 0.19407896485566445
-3.6667637978835828 0.19348564613715383
-3.6541848483196593 0.192867501950776
-3.6416058987557363 0.1922251388076372
-3.6290269491918132 0.19155917971007252
-3.61644799962789 0.19087026275991648
-3.603869050063967 0.19015903976046178
-3.591290100500044 0.18942617481731358
-3.5787111509361207 0.1886723429431816
-3.5661322013721977 0.1878982286714653
-3.5535532518082746 0.18710452468327743
-3.5409743022443516 0.18629193045232076
-3.5283953526804286 0.18546115091178791
-3.5158164031165056 0.18461289514718845
-3.503237453552582 0.18374787511873916
-3.490658503988659 0.18286680441666645
-3.478079554424736 0.18197039705248216
-3.465500604860813 0.18105936628900127
-3.45292165529689 0.18013442351157175
-3.440342705732967 0.17919627714269354
-3.427763756169044 0.17824563160191023
-3.4151848066051205 0.17728318631256806
-3.4026058570411974 0.1763096347567545
-3.3900269074772744 0.17532566357945462
-3.3774479579133514 0.17433195174269728
-3.3648690083494284 0.17332916973020968
-3.3522900587855053 0.17231797880285346
-3.339711109221582 0.1712990303048875
-3.327132159657659 0.17027296502088277
-3.314553210093736 0.1692404125829128
-3.301974260529813 0.16820199092745378
-3.2893953109658898 0.16715830580125315
-3.2768163614019667 0.16610995031526732
-3.2642374118380433 0.16505750454562232
-3.2516584622741203 0.16400153518042315
-3.2390795127101972 0.16294259521111995
-3.226500563146274 0.1618812236670388
-3.213921613582351 0.16081794539159738
-3.201342664018428 0.15975327085865038
-3.188763714454505 0.15868769602734817
-3.1761847648905817 0.15762170223384475
-3.1636058153266586 0.1565557561181501
-3.1510268657627356 0.15549030958439788
-3.1384479161988126 0.15442579979278193
-3.1258689666348896 0.15336264918140735
-3.1132900170709665 0.15230126551630518
-3.100711067507043 0.15124204196786867
-3.08813211794312 0.15018535721198636
-3.075553168379197 0.1491315755541723
-3.062974218815274 0.14808104707502256
-3.050395269251351 0.14703410779536402
-3.037816319687428 0.14599107985950044
-3.025237370123505 0.14495227173500588
-3.0126584205595814 0.14391797842756293
-3.0000794709956584 0.1428884817093951
-2.9875005214317354 0.1418640503598936
-2.9749215718678124 0.14084494041709703
-2.9623426223038893 0.13983139543873685
-2.9497636727399663 0.13882364677161976
-2.937184723176043 0.13782191382817774
-2.92460577361212 0.13682640436907287
-2.912026824048197 0.1358373147908053
-2.8994478744842738 0.13485483041732915
-2.8868689249203507 0.1338791257947398
-2.8742899753564277 0.13291036498815278
-2.8617110257925047 0.1319487018799503
-2.8491320762285812 0.13099428046862607
-2.836553126664658 0.13004723516751276
-2.823974177100735 0.12910769110272727
-2.811395227536812 0.12817576440972073
-2.798816277972889 0.1272515625278668
-2.786237328408966 0.12633518449256956
-2.7736583788450426 0.12542672122441711
-2.7610794292811196 0.12452625581494915
-2.7485004797171966 0.12363386380864853
-2.7359215301532736 0.12274961348080554
-2.7233425805893505 0.12187356611094055
-2.7107636310254275 0.1210057762515066
-2.698184681461504 0.12014629199162573
-2.685605731897581 0.11929515521564547
-2.673026782333658 0.11845240185633044
-2.660447832769735 0.11761806214253256
-2.647868883205812 0.1167921608412092
-2.635289933641889 0.11597471749368257
-2.622710984077966 0.11516574664605694
-2.6101320345140424 0.114365258073731
-2.5975530849501194 0.11357325699996247
-2.5849741353861964 0.11278974430845949
-2.5723951858222733 0.11201471674999149
-2.5598162362583503 0.11124816714302575
-2.5472372866944273 0.11049008456841133
-2.534658337130504 0.10974045455814413
-2.522079387566581 0.10899925927825894
-2.5095004380026578 0.10826647770590436
-2.4969214884387347 0.10754208580066672
-2.4843425388748117 0.10682605667021727
-2.4717635893108887 0.10611836073036426
-2.459184639746965 0.10541896585959903
-2.446605690183042 0.10472783754823073
-2.434026740619119 0.10404493904220903
-2.421447791055196 0.10337023148173996
-2.408868841491273 0.10270367403480242
-2.39628989192735 0.10204522402567698
-2.383710942363427 0.101394837058601
-2.3711319927995036 0.10075246713666607
-2.3585530432355806 0.10011806677607563
-2.3459740936716575 0.09949158711588163
-2.3333951441077345 0.09887297802331987
-2.3208161945438115 0.09826218819486422
-2.3082372449798885 0.09765916525311964
-2.295658295415965 0.09706385583967393
-2.283079345852042 0.09647620570402762
-2.270500396288119 0.09589615978872011
-2.257921446724196 0.09532366231076972
-2.245342497160273 0.09475865683954382
-2.23276354759635 0.09420108637117366
-2.220184598032427 0.09365089339962683
-2.207605648468504 0.09310801998454918
-2.195026698904581 0.09257240781598514
-2.1824477493406578 0.09204399827608414
-2.169868799776734 0.09152273249789875
-2.157289850212811 0.09100855142137741
-2.144710900648888 0.09050139584665284
-2.132131951084965 0.0900012064847251
-2.1195530015210418 0.0895079240056353
-2.1069740519571187 0.0890214890842245
-2.0943951023931957 0.08854184244356884
-2.0818161528292727 0.08806892489618062
-2.0692372032653497 0.08760267738306197
-2.0566582537014266 0.0871430410106957
-2.0440793041375036 0.08668995708605508
-2.0315003545735806 0.08624336714971255
-2.0189214050096576 0.08580321300712443
-2.0063424554457336 0.08536943675816666
-1.9937635058818106 0.08494198082499427
-1.9811845563178876 0.0845207879782945
-1.9686056067539646 0.08410580136200245
-1.9560266571900415 0.08369696451654428
-1.9434477076261185 0.08329422140067227
-1.9308687580621955 0.0828975164119529
-1.9182898084982725 0.08250679440596764
-1.9057108589343494 0.0821220007142838
-1.8931319093704264 0.08174308116125077
-1.8805529598065034 0.0813699820796752
-1.8679740102425804 0.0810026503254266
-1.8553950606786564 0.08064103329102301
-1.8428161111147334 0.08028507891824481
-1.8302371615508104 0.07993473570982228
-1.8176582119868874 0.07958995274024191
-1.8050792624229643 0.07925067966571377
-1.7925003128590413 0.07891686673334104
-1.7799213632951183 0.07858846478953142
-1.7673424137311953 0.07826542528768828
-1.7547634641672722 0.07794770029521805
-1.7421845146033492 0.07763524249988901
-1.7296055650394262 0.07732800521557513
-1.7170266154755032 0.07702594238741733
-1.7044476659115801 0.07672900859643321
-1.6918687163476562 0.07643715906360507
-1.6792897667837332 0.07615034965347493
-1.6667108172198102 0.07586853687727357
-1.6541318676558872 0.07559167789561047
-1.6415529180919641 0.07531973052074944
-1.628973968528041 0.07505265321849423
-1.616395018964118 0.07479040510970719
-1.603816069400195 0.07453294597148336
-1.591237119836272 0.0742802362380009
-1.578658170272349 0.07403223700106838
-1.566079220708426 0.07378891001038854
-1.553500271144503 0.07355021767355654
-1.54092132158058 0.07331612305581128
-1.528342372016656 0.07308658987955619
-1.515763422452733 0.07286158252366608
-1.50318447288881 0.07264106602259554
-1.490605523324887 0.07242500606530367
-1.478026573760964 0.07221336899400953
-1.4654476241970409 0.07200612180279176
-1.4528686746331179 0.07180323213604524
-1.4402897250691948 0.07160466828680744
-1.4277107755052718 0.071410399194966
-1.4151318259413488 0.07122039444535887
-1.4025528763774258 0.07103462426577789
-1.3899739268135027 0.07085305952488598
-1.3773949772495797 0.07067567173005769
-1.3648160276856558 0.0705024330251524
-1.3522370781217328 0.07033331618822923
-1.3396581285578097 0.07016829462921195
-1.3270791789938867 0.07000734238751208
-1.3145002294299637 0.06985043412961763
-1.3019212798660407 0.06969754514665522
-1.2893423303021176 0.06954865135193201
-1.2767633807381946 0.06940372927846457
-1.2641844311742716 0.06926275607650051
-1.2516054816103486 0.06912570951103933
-1.2390265320464255 0.06899256795935772
-1.2264475824825025 0.06886331040854511
-1.2138686329185795 0.06873791645305437
-1.2012896833546556 0.06861636629227261
-1.1887107337907326 0.06849864072811669
-1.1761317842268095 0.06838472116265791
-1.1635528346628865 0.06827458959577982
-1.1509738850989635 0.06816822862287357
-1.1383949355350405 0.06806562143257378
-1.1258159859711174 0.06796675180453932
-1.1132370364071944 0.06787160410728174
-1.1006580868432714 0.06778016329604471
-1.0880791372793484 0.06769241491073746
-1.0755001877154253 0.0676083450739252
-1.0629212381515023 0.06752794048887881
-1.0503422885875793 0.06745118843768663
-1.0377633390236554 0.06737807677943067
-1.0251843894597323 0.06730859394842925
-1.0126054398958093 0.06724272895254846
-1.0000264903318863 0.067180471371584
-0.9874475407679633 0.06712181135571577
-0.9748685912040402 0.06706673962403631
-0.9622896416401172 0.06701524746315517
-0.9497106920761942 0.06696732672588038
-0.9371317425122712 0.06692296982997854
-0.9245527929483481 0.06688216975701479
-0.9119738433844251 0.06684492005127368
-0.8993948938205021 0.06681121481876225
-0.8868159442565782 0.06678104872629607
-0.8742369946926551 0.06675441700066925
-0.8616580451287321 0.06673131542790903
-0.8490790955648091 0.066711740352616
-0.8365001460008861 0.06669568867739017
-0.823921196436963 0.06668315786234365
-0.81134224687304 0.06667414592470032
-0.798763297309117 0.06666865143848283
-0.786184347745194 0.06666667353428735
-0.7736053981812709 0.06666821189914601
-0.7610264486173479 0.06667326677647747
-0.7484474990534249 0.06668183896612537
-0.7358685494895019 0.0666939298244848
-0.723289599925578 0.06670954126471672
-0.7107106503616549 0.06672867575704997
-0.6981317007977319 0.06675133632917066
-0.6855527512338089 0.06677752656669862
-0.6729738016698859 0.06680725061375065
-0.6603948521059628 0.06684051317358947
-0.6478159025420398 0.06687731950935852
-0.6352369529781168 0.06691767544490146
-0.6226580034141938 0.06696158736566556
-0.6100790538502707 0.06700906221968844
-0.5975001042863477 0.06706010751866688
-0.5849211547224247 0.06711473133910686
-0.5723422051585016 0.0671729423235535
-0.5597632555945777 0.0672347496818999
-0.5471843060306547 0.06730016319277313
-0.5346053564667317 0.06736919320499642
-0.5220264069028087 0.0674418506391255
-0.5094474573388856 0.06751814698905763
-0.4968685077749626 0.06759809432371161
-0.4842895582110396 0.06768170528877644
-0.47171060864711656 0.06776899310852709
-0.45913165908319353 0.06785997158770478
-0.4465527095192705 0.06795465511345952
-0.4339737599553475 0.0680530586573526
-0.42139481039142446 0.06815519777741608
-0.40881586082750143 0.06826108862026675
-0.3962369112635775 0.06837074792327152
-0.3836579616996545 0.06848419301676091
-0.37107901213573147 0.06860144182628763
-0.35850006257180844 0.06872251287492656
-0.3459211130078854 0.06884742528561223
-0.3333421634439624 0.06897619878351038
-0.32076321388003937 0.06910885369841899
-0.30818426431611634 0.06924541096719461
-0.2956053147521933 0.06938589213619945
-0.2830263651882703 0.06953031936376418
-0.27044741562434726 0.06967871542266164
-0.25786846606042424 0.06983110370258581
-0.24528951649650033 0.06998750821263051
-0.2327105669325773 0.07014795358376179
-0.22013161736865428 0.07031246507127796
-0.20755266780473125 0.07048106855725053
-0.19497371824080822 0.07065379055293895
-0.1823947686768852 0.07083065820117242
-0.16981581911296217 0.07101169927869048
-0.15723686954903915 0.07119694219843496
-0.14465791998511612 0.0713864160117844
-0.1320789704211931 0.07158015041072252
-0.11950002085727007 0.07177817572993109
-0.10692107129334705 0.07198052294879767
-0.09434212172942402 0.07218722369332822
-0.08176317216550011 0.07239831023795347
-0.06918422260157708 0.07261381550721802
-0.05660527303765406 0.07283377307734074
-0.04402632347373103 0.07305821717763362
-0.03144737390980801 0.07328718269176666
-0.018868424345884982 0.07352070515886489
-0.006289474781961957 0.07375882077442379
0.006289474781961069 0.07400156639102824
0.018868424345884094 0.07424897951885902
0.03144737390980712 0.07450109832597158
0.044026323473730145 0.07475796163832935
0.05660527303765317 0.07501960893957431
0.0691842226015762 0.07528608037051614
0.08176317216550011 0.07555741672832077
0.09434212172942313 0.07583365946537787
0.10692107129334616 0.07611485068782656
0.11950002085726918 0.07640103315371675
0.1320789704211922 0.07669225027078369
0.14465791998511524 0.07698854609381119
0.15723686954903826 0.07728996532155873
0.16981581911296129 0.0775965532932263
0.1823947686768843 0.07790835598442952
0.19497371824080734 0.07822542000265673
0.20755266780473036 0.07854779258217826
0.2201316173686534 0.07887552157837727
0.2327105669325764 0.07920865546146962
0.24528951649650033 0.07954724330957941
0.25786846606042335 0.07989133480113518
0.2704474156243464 0.08024098020655081
0.2830263651882694 0.08059623037915271
0.2956053147521924 0.0809571367453144
0.30818426431611545 0.0813237512937575
0.3207632138800385 0.0816961265639765
0.3333421634439615 0.08207431563374346
0.34592111300788453 0.08245837210564617
0.35850006257180755 0.08284835009261295
0.3710790121357306 0.08324430420237376
0.3836579616996536 0.08364628952080705
0.39623691126357663 0.08405436159411873
0.40881586082750054 0.08446857640979832
0.42139481039142357 0.08488899037629466
0.4339737599553466 0.08531566030135299
0.4465527095192696 0.08574864336895084
0.45913165908319264 0.08618799711477024
0.47171060864711567 0.08663377940014033
0.4842895582110387 0.0870860483843825
0.4968685077749617 0.0875448624954881
0.5094474573388847 0.08801028039905645
0.5220264069028078 0.08848236096541835
0.5346053564667308 0.08896116323486805
0.5471843060306538 0.0894467463809247
0.5597632555945768 0.08993916967154093
0.5723422051585008 0.09043849242817507
0.5849211547224238 0.09094477398263982
0.5975001042863468 0.09145807363163913
0.6100790538502698 0.09197845058890117
0.6226580034141929 0.09250596393481436
0.6352369529781159 0.09304067256346983
0.6478159025420389 0.09358263512701223
0.6603948521059619 0.09413190997719793
0.672973801669885 0.09468855510405784
0.685552751233808 0.09525262807155963
0.698131700797731 0.09582418595016193
0.710710650361654 0.09640328524615187
0.723289599925578 0.09698998182765405
0.735868549489501 0.09758433084719859
0.748447499053424 0.09818638666073377
0.761026448617347 0.0987962027429669
0.77360539818127 0.09941383159891642
0.7861843477451931 0.10003932467155686
0.7987632973091161 0.10067273224543762
0.8113422468730391 0.1013141033461553
0.8239211964369622 0.10196348563556024
0.8365001460008852 0.10262092530257645
0.8490790955648082 0.10328646694951571
0.8616580451287312 0.10396015347376654
0.8742369946926543 0.10464202594474022
0.8868159442565782 0.10533212347595745
0.8993948938205012 0.10603048309216133
0.9119738433844242 0.10673713959134523
0.9245527929483472 0.10745212540158647
0.9371317425122703 0.10817547043258122
0.9497106920761933 0.10890720192178018
0.9622896416401163 0.10964734427502965
0.9748685912040393 0.1103959189016284
0.9874475407679624 0.1111529440437177
1.0000264903318854 0.11191843459992873
1.0126054398958084 0.11269240194322125
1.0251843894597314 0.1134748537328553
1.0377633390236545 0.11426579372044918
1.0503422885875784 0.11506522155008847
1.0629212381515014 0.11587313255246261
1.0755001877154244 0.11668951753302095
1.0880791372793475 0.11751436255415379
1.1006580868432705 0.11834764871142153
1.1132370364071935 0.11918935190387257
1.1258159859711165 0.12003944259850996
1.1383949355350396 0.12089788558898787
1.1509738850989626 0.12176463974864127
1.1635528346628856 0.12263965777797634
1.1761317842268086 0.1235228859467752
1.1887107337907317 0.12441426383099595
1.2012896833546547 0.12531372404467808
1.2138686329185786 0.1262211919670954
1.2264475824825016 0.12713658546543014
1.2390265320464247 0.1280598146132794
1.2516054816103477 0.1289907814053387
1.2641844311742707 0.12992937946864905
1.2767633807381937 0.13087549377083324
1.2893423303021168 0.13182900032579012
1.3019212798660398 0.13278976589735997
1.3145002294299628 0.1337576477015211
1.3270791789938858 0.13473249310772462
1.3396581285578089 0.13571413934002646
1.3522370781217319 0.13670241317872509
1.3648160276856558 0.1376971306632676
1.3773949772495788 0.13869809679724152
1.3899739268135018 0.13970510525632512
1.4025528763774249 0.14071793810012515
1.415131825941348 0.14173636548889015
1.427710775505271 0.14276014540614415
1.440289725069194 0.14378902338834534
1.452868674633117 0.14482273226273268
1.46544762419704 0.14586099189458132
1.478026573760963 0.14690350894514673
1.490605523324886 0.14794997664163267
1.503184472888809 0.1490000745605757
1.515763422452732 0.15005346842608963
1.528342372016656 0.15110980992446738
1.540921321580579 0.1521687365366837
1.553500271144502 0.1532298713903885
1.566079220708425 0.1542928231330202
1.5786581702723481 0.15535718582770558
1.5912371198362711 0.15642253887364244
1.6038160694001942 0.15748844695268752
1.6163950189641172 0.1585544600038889
1.6289739685280402 0.1596201132277147
1.6415529180919632 0.16068492712173055
1.6541318676558863 0.16174840754947561
1.6667108172198093 0.16281004584426778
1.6792897667837323 0.1638693189496468
1.6918687163476562 0.164925689598125
1.7044476659115793 0.16597860652986932
1.7170266154755023 0.16702750475287725
1.7296055650394244 0.16807180584613676
1.7421845146033483 0.16911091830717515
1.7547634641672705 0.17014423794529934
1.7673424137311944 0.17117114832172187
1.7799213632951183 0.17219102123763
1.7925003128590404 0.17320321727112106
1.8050792624229643 0.1742070863637643
1.8176582119868865 0.17520196845737565
1.8302371615508104 0.17618719418141088
1.8428161111147325 0.17716208559117283
1.8553950606786564 0.17812595695682043
1.8679740102425786 0.17907811560293116
1.8805529598065025 0.18001786279813384
1.8931319093704246 0.180944494694068
1.9057108589343486 0.18185730331266947
1.9182898084982707 0.18275557758050082
1.9308687580621946 0.1836386044085713
1.9434477076261185 0.18450566981579508
1.9560266571900407 0.18535606009395206
1.9686056067539646 0.18618906301171465
1.9811845563178867 0.18700396905500918
1.9937635058818106 0.18780007270069016
2.0063424554457328 0.18857667372020967
2.0189214050096567 0.18933307850968573
2.031500354573579 0.19006860144249457
2.0440793041375027 0.1907825662402528
2.056658253701425 0.19147430735780088
2.0692372032653488 0.1921431713775745
2.081816152829271 0.1927885184085293
2.094395102393195 0.1934097234846024
2.1069740519571187 0.19400617795751987
2.119553001521041 0.194577290878627
2.132131951084965 0.19512249036430318
2.144710900648887 0.19564122493944464
2.157289850212811 0.19613296485345574
2.169868799776733 0.19659720336317107
2.182447749340657 0.19703345797716046
2.195026698904579 0.1974412716559246
2.207605648468503 0.1978202139625896
2.220184598032425 0.19816988215884093
2.232763547596349 0.1984899022410118
2.245342497160271 0.19877992991144885
2.257921446724195 0.19903965148052358
2.270500396288119 0.19926878469493797
2.283079345852041 0.19946707948828604
2.295658295415965 0.19963431865017836
2.308237244979887 0.19977031841060755
2.320816194543811 0.19987492893663694
2.333395144107733 0.19994803473891185
2.345974093671657 0.1999895549859421
2.3585530432355792 0.19999944372455933
2.371131992799503 0.19997769000542784
2.3837109423634253 0.1999243179129698
2.396289891927349 0.19983938649955138
2.4088688414912713 0.19972298962426555
2.4214477910551953 0.19957525569713344
2.434026740619119 0.19939634733002445
2.4466056901830413 0.19918646089606304
2.459184639746965 0.1989458259997456
2.4717635893108874 0.1986747048604263
2.4843425388748113 0.19837339161224332
2.4969214884387334 0.1980422115239521
2.5095004380026573 0.19768152014248838
2.5220793875665795 0.19729170236442403
2.5346583371305034 0.19687317143977281
2.5472372866944255 0.19642636791287746
2.5598162362583494 0.19595175850533303
2.5723951858222733 0.19544983494610652
2.5849741353861955 0.1949211127541615
2.5975530849501194 0.19436612997902417
2.6101320345140415 0.19378544590480812
2.6227109840779654 0.19317963972326027
2.6352899336418876 0.19254930918140342
2.6478688832058115 0.19189506920932267
2.6604478327697336 0.19121755053358733
2.6730267823336575 0.1905173982817052
2.6856057318975797 0.18979527058288878
2.6981846814615036 0.18905183717025803
2.7107636310254257 0.18828777798943613
2.7233425805893496 0.18750378181828564
2.7359215301532736 0.1867005449023232
2.7485004797171957 0.1858787696101022
2.7610794292811196 0.18503916311260407
2.7736583788450417 0.18418243609041185
2.7862373284089657 0.18330930147215388
2.798816277972888 0.18242047320743016
2.8113952275368117 0.18151666507713035
2.823974177100734 0.18059858954376817
2.8365531266646578 0.1796669566441511
2.84913207622858 0.17872247292641957
2.861711025792504 0.17776584043318966
2.874289975356426 0.17679775573225623
2.88686892492035 0.1758189089960263
2.8994478744842738 0.1748299831305913
2.912026824048196 0.1738316529550773
2.92460577361212 0.17282458443167076
2.937184723176042 0.17180943394647713
2.949763672739966 0.1707868476411432
2.962342622303888 0.16975746079497053
2.974921571867812 0.16872189725704134
2.987500521431734 0.167680768927707
3.000079470995658 0.1666346752886119
3.01265842055958 0.16558420298028292
3.025237370123504 0.16452992542616787
3.037816319687426 0.1634724025018922
3.05039526925135 0.16241218024838655
3.062974218815274 0.16134979062745064
3.075553168379196 0.16028575131823203
3.08813211794312 0.15922056555303293
3.100711067507042 0.15815472199080566
3.113290017070966 0.157088694626646
3.1258689666348882 0.15602294273557235
3.138447916198812 0.15495791084884525
3.1510268657627343 0.15389402876108185
3.163605815326658 0.15283171156640615
3.1761847648905803 0.15177135972189232
3.1887637144545042 0.15071335913656247
3.2013426640184264 0.1496580812842303
3.2139216135823503 0.1486058833384998
3.226500563146274 0.1475571083282711
3.2390795127101963 0.14651208531213397
3.2516584622741203 0.1454711295700778
3.2642374118380424 0.1444345428109935
3.2768163614019663 0.14340261339448546
3.2893953109658884 0.14237561656557376
3.3019742605298124 0.14135381470091085
3.3145532100937345 0.1403374575652021
3.3271321596576584 0.13932678257656886
3.3397111092215805 0.13832201507965822
3.3522900587855045 0.13732336862535455
3.3648690083494266 0.1363310452560152
3.3774479579133505 0.13534523579520175
3.3900269074772744 0.13436612014094626
3.4026058570411966 0.13339386756164032
3.4151848066051205 0.13242863699369692
3.4277637561690426 0.1314705773401899
3.4403427057329665 0.1305198277697251
3.4529216552968887 0.12957651801485778
3.4655006048608126 0.12864076866941293
3.4780795544247347 0.12771269148412304
3.4906585039886586 0.12679238966003722
3.5032374535525808 0.1258799581392097
3.5158164031165047 0.12497548389221047
3.528395352680427 0.12407904620205228
3.5409743022443507 0.12319071694415905
3.5535532518082746 0.12231056086204731
3.5661322013721968 0.12143863583842104
3.5787111509361207 0.1205749931614196
3.591290100500043 0.11971967778578979
3.6038690500639667 0.11887272858878015
3.616447999627889 0.11803417862059096
3.629026949191813 0.11720405534923203
3.641605898755735 0.1163823808996744
3.654184848319659 0.11556917228719674
3.666763797883581 0.1147644416448577
3.679342747447505 0.11396819644503757
3.691921697011427 0.11318043971501938
3.704500646575351 0.11240117024658906
3.717079596139275 0.11163038279965821
3.729658545703197 0.11086806829992049
3.742237495267121 0.11011421403057078
3.754816444831043 0.10936880381812815
3.767395394394967 0.10863181821241079
3.779974343958889 0.1079032346607275
3.792553293522813 0.1071830276763527
3.805132243086735 0.10647116900136606
3.817711192650659 0.10576762776393947
3.830290142214581 0.1050723706301659
3.842869091778505 0.10438536195052463
3.8554480413424272 0.10370656390108803
3.868026990906351 0.10303593661957317
3.880605940470275 0.10237343833635111
3.893184890034197 0.1017190255005241
3.905763839598121 0.101072652901187
3.9183427891620433 0.10043427378399071
3.930921738725967 0.09980383996312349
3.9435006882898893 0.09918130192883293
3.9560796378538132 0.09856660895060473
3.9686585874177354 0.09795970917612229
3.9812375369816593 0.09736054972612322
3.9938164865455814 0.09676907678527615
4.006395436109505 0.0961852356891932
4.0189743856734275 0.0956089710076992
4.031553335237351 0.09504022662447176
4.044132284801275 0.09447894581316985
4.056711234365197 0.09392507131016348
4.069290183929121 0.09337854538397662
4.0818691334930435 0.09283930990155535
4.094448083056967 0.09230730639146736
4.1070270326208895 0.09178247610414182
4.119605982184813 0.09126476006925131
4.132184931748736 0.0907540991503406
4.1447638813126595 0.09025043409679964
4.157342830876582 0.08975370559328058
4.1699217804405055 0.08926385430665183
4.182500730004428 0.08878082093058441
4.195079679568352 0.08830454622785854
4.2076586291322755 0.08783497107048063
4.220237578696198 0.08737203647769508
4.232816528260122 0.08691568365197422
4.245395477824044 0.08646585401306826
4.257974427387968 0.08602248923019187
4.27055337695189 0.08558553125242584
4.283132326515814 0.08515492233740506
4.295711276079736 0.08473060507836683
4.30829022564366 0.08431252242962625
4.320869175207582 0.0839006177305482
4.333448124771506 0.08349483472807799
4.34602707433543 0.08309511759789585
4.358606023899352 0.08270141096425393
4.371184973463276 0.08231365991855481
4.383763923027198 0.08193181003672877
4.396342872591122 0.08155580739546231
4.408921822155044 0.08118559858733282
4.421500771718968 0.08082113073489762
4.43407972128289 0.08046235150378825
4.446658670846814 0.08010920911485503
4.459237620410736 0.07976165235540914
4.47181656997466 0.07941963058960362
4.484395519538582 0.07908309376799728
4.496974469102506 0.07875199243633997
4.50955341866643 0.07842627774361943
4.522132368230352 0.078105901449406
4.534711317794276 0.07779081593053135
4.547290267358198 0.07748097418713584
4.559869216922122 0.07717632984811686
4.572448166486044 0.07687683717601082
4.585027116049968 0.07658245107133808
4.59760606561389 0.07629312707644124
4.610185015177814 0.07600882137884352
4.622763964741736 0.07572949081415538
4.63534291430566 0.07545509286855386
4.647921863869582 0.07518558568086056
4.660500813433506 0.07492092804424072
4.67307976299743 0.07466107940754697
4.685658712561352 0.07440599987632908
4.698237662125276 0.0741556502135301
4.710816611689198 0.07390999183988979
4.723395561253122 0.07366898683407311
4.735974510817044 0.07343259793254305
4.748553460380968 0.07320078852919432
4.76113240994489 0.07297352267476553
4.773711359508814 0.0727507650760446
4.7862903090727364 0.07253248109488371
4.79886925863666 0.07231863674703752
4.8114482082005825 0.07210919870083922
4.824027157764506 0.07190413427572687
4.83660610732843 0.07170341144063355
4.8491850568923525 0.07150699881225289
4.861764006456276 0.07131486565319137
4.8743429560201985 0.07112698187001915
4.886921905584122 0.07094331801122891
4.899500855148045 0.0707638452651138
4.9120798047119685 0.07058853545757289
4.924658754275891 0.0704173610498545
4.9372377038398145 0.07025029513624464
4.949816653403737 0.07008731144171051
4.962395602967661 0.06992838431950502
4.974974552531583 0.06977348874874169
4.987553502095507 0.0696226003319456
5.0001324516594305 0.06947569529258814
5.012711401223353 0.06933275047261137
5.025290350787277 0.06919374332994857
5.037869300351199 0.06905865193604668
5.050448249915123 0.06892745497339599
5.063027199479045 0.06880013173307266
5.075606149042969 0.06867666211229886
5.088185098606891 0.06855702661202548
5.100764048170815 0.06844120633454147
5.113342997734737 0.06832918298111482
5.125921947298661 0.06822093884966847
5.138500896862583 0.06811645683249563
5.151079846426507 0.06801572041401753
5.163658795990431 0.06791871366858775
5.176237745554353 0.06782542125834559
5.188816695118277 0.06773582843112237
5.201395644682199 0.06764992101840289
5.213974594246123 0.06756768543334508
5.226553543810045 0.06748910866886068
5.239132493373969 0.0674141782957587
5.251711442937891 0.06734288246095474
5.264290392501815 0.06727520988574769
5.276869342065737 0.06721114986416622
5.289448291629661 0.06715069226138674
5.302027241193583 0.0670938275122247
5.314606190757507 0.06704054661970081
5.327185140321431 0.0669908411536838
5.339764089885353 0.066944703249611
5.352343039449277 0.06690212560728827
5.364921989013199 0.06686310148977022
5.377500938577123 0.0668276247223221
5.390079888141045 0.06679568969146424
5.402658837704969 0.06676729134409992
5.415237787268891 0.0667424251867277
5.427816736832815 0.06672108728473859
5.440395686396737 0.06670327426179926
5.452974635960661 0.06668898329932123
5.465553585524583 0.06667821213601707
5.478132535088507 0.06667095906754372
5.490711484652431 0.06666722294623328
5.503290434216353 0.06666700318091157
5.515869383780277 0.06667029973680469
5.528448333344199 0.06667711313553343
5.541027282908123 0.0666874444551959
5.553606232472045 0.0667012953305378
5.566185182035969 0.06671866795321087
5.5787641315998915 0.0667395650721184
5.591343081163815 0.06676398999384839
5.6039220307277375 0.06679194658319339
5.6165009802916614 0.06682343926375663
5.629079929855584 0.06685847301864407
5.6416588794195075 0.06689705339124154
5.654237828983431 0.06693918648607636
5.6668167785473536 0.06698487896976245
5.6793957281112775 0.06703413807202833
5.6919746776752 0.06708697158682661
5.7045536272391235 0.06714338787352411
5.717132576803046 0.0672033958581715
5.72971152636697 0.06726700503485081
5.742290475930892 0.06733422546709976
5.754869425494816 0.06740506778941119
5.767448375058738 0.06747954320880598
5.780027324622662 0.06755766350647784
5.792606274186586 0.06763944103950781
5.805185223750508 0.06772488874264684
5.817764173314432 0.06781402013016406
5.830343122878354 0.06790684929775843
5.842922072442278 0.0680033909245317
5.8555010220062 0.06810366027501957
5.868079971570124 0.068207673201279
5.880658921134046 0.06831544614502805
5.89323787069797 0.06842699613983587
5.905816820261892 0.06854234081335907
5.918395769825816 0.06866149838962152
5.930974719389738 0.06878448769133348
5.943553668953662 0.06891132814224675
5.956132618517586 0.06904203976954136
5.968711568081508 0.06917664320623987
5.981290517645432 0.06931515969364467
5.993869467209354 0.06945761108379353
6.006448416773278 0.06960401984192859
6.0190273663372 0.06975440904897323
6.031606315901124 0.06990880240401176
6.044185265465046 0.07006722422676566
6.05676421502897 0.07022969946006072
6.069343164592892 0.07039625367227814
6.081922114156816 0.07056691305978349
6.094501063720738 0.0707417044493257
6.107080013284662 0.07092065530039948
6.119658962848586 0.07110379370756237
6.132237912412508 0.07129114840269918
6.144816861976432 0.07148274875722449
6.157395811540354 0.07167862478421445
6.169974761104278 0.07187880714045858
6.1825537106682 0.07208332712842086
6.195132660232124 0.07229221669810094
6.207711609796046 0.07250550844878308
6.22029055935997 0.07272323563066256
6.232869508923892 0.07294543214633673
6.245448458487816 0.07317213255214869
6.258027408051738 0.07340337205936973
6.270606357615662 0.07363918653520772
6.283185307179586 0.07387961250362585
